0 169
0 191
0 241
0 465
0 953
1 182
1 332
1 375
1 724
1 973
10 260
10 886
10 890
10 965
100 234
100 32
100 323
100 337
100 393
100 507
100 736
101 110
101 410
101 46
102 373
102 461
102 822
102 869
102 87
102 973
103 474
103 592
103 709
103 999
104 161
104 308
104 378
104 631
104 763
104 770
104 938
105 146
105 192
105 580
105 77
105 804
106 210
106 241
106 289
106 438
106 660
106 836
106 963
107 204
107 405
107 621
107 701
108 555
108 678
108 711
108 892
109 166
109 376
109 581
109 783
109 921
11 46
11 570
11 705
11 853
11 928
110 143
110 594
110 913
111 601
111 662
111 752
111 999
112 250
112 303
112 387
112 947
113 243
113 333
113 522
114 105
114 323
114 692
114 775
115 213
115 356
115 472
115 490
115 713
115 799
115 879
116 492
116 582
117 435
117 526
118 223
118 26
118 363
118 464
118 657
118 68
118 962
119 438
119 832
119 917
12 251
12 34
12 63
12 683
12 694
12 718
12 769
120 547
120 95
121 198
121 580
121 69
121 707
121 790
121 988
122 169
122 288
122 487
122 534
122 545
122 635
122 692
123 233
123 314
123 330
123 577
123 72
123 720
124 160
124 374
124 402
124 644
124 972
125 202
125 221
125 560
125 658
125 789
126 55
126 754
127 160
127 243
127 565
127 63
127 668
127 752
127 970
128 142
128 148
128 187
128 253
128 735
128 849
129 508
129 642
129 672
129 791
129 796
129 893
13 140
13 22
13 726
13 806
13 885
130 111
130 522
130 547
130 7
130 77
130 815
130 835
131 147
131 176
131 373
131 530
131 609
132 300
132 494
132 750
133 13
133 229
133 441
133 552
133 778
133 936
134 469
134 633
134 700
134 95
134 964
135 516
135 555
136 194
136 879
136 884
137 13
137 185
137 48
137 598
137 616
138 270
138 498
138 980
139 328
139 691
139 90
14 285
14 994
140 307
140 40
140 6
141 280
141 646
142 302
142 463
142 605
143 102
143 197
143 678
143 725
144 123
144 337
144 499
144 727
144 823
145 108
145 474
145 491
145 873
145 89
146 150
146 349
146 479
146 590
146 646
146 732
147 368
147 41
147 430
147 663
147 711
147 954
148 131
148 214
148 294
148 384
148 644
148 905
149 233
149 348
149 566
149 890
15 121
15 122
15 617
15 673
150 206
150 24
150 41
150 44
151 480
151 573
151 640
151 99
152 117
152 21
152 421
152 436
152 652
152 865
153 229
153 263
153 564
153 608
153 734
153 741
154 171
154 180
154 465
154 540
154 683
155 204
155 482
155 695
155 710
155 857
155 891
156 708
156 832
157 168
157 245
157 258
157 620
157 822
157 9
158 253
158 540
158 557
158 655
158 720
158 927
159 444
159 697
159 772
16 3
16 67
160 219
160 501
160 562
160 620
160 663
160 724
160 964
161 305
161 353
161 436
161 550
161 571
161 711
162 355
162 54
163 188
163 2
163 514
163 664
163 791
164 253
164 329
164 339
164 620
164 852
164 991
165 305
165 513
165 538
165 875
165 897
166 178
166 211
166 567
166 849
166 860
166 875
166 975
167 455
167 889
168 197
168 569
168 727
168 74
168 888
168 920
169 414
169 55
169 627
169 673
169 99
17 346
17 434
17 450
17 910
17 927
170 323
170 696
170 897
171 131
171 29
171 337
171 398
171 55
171 668
172 122
172 412
172 453
172 553
173 973
173 99
174 111
174 29
174 422
174 660
175 229
175 523
175 595
175 750
175 761
175 813
176 549
176 652
176 717
176 749
176 950
177 341
177 360
177 524
177 627
178 463
178 770
179 252
179 285
179 460
179 548
179 691
179 82
18 2
18 229
18 315
18 443
18 476
18 59
180 321
180 41
180 490
180 518
181 28
181 331
181 551
181 663
181 727
181 822
181 903
182 233
182 385
182 657
182 694
182 740
183 101
183 212
183 377
183 579
183 683
183 705
183 774
184 175
184 587
184 642
184 775
184 87
184 91
184 96
185 50
185 549
185 943
186 103
186 216
186 252
186 349
186 350
186 414
186 598
187 291
187 373
187 636
187 64
187 760
187 897
188 427
188 93
188 95
189 416
189 433
189 634
189 736
189 87
19 377
19 386
19 426
190 281
190 505
190 628
190 639
190 865
190 870
190 960
191 157
191 425
191 923
192 206
192 386
192 5
192 625
192 813
192 815
193 165
193 179
193 609
193 698
193 808
193 838
193 916
194 244
194 260
194 67
195 527
195 622
195 679
195 74
195 765
195 867
195 880
196 291
196 381
196 987
197 205
197 36
197 394
197 437
197 523
197 525
198 674
198 847
198 896
199 117
199 315
199 418
199 489
199 777
199 944
2 17
2 245
2 393
2 399
2 684
2 931
2 935
20 248
20 302
20 373
20 523
20 818
200 12
200 39
200 517
200 573
200 632
201 1
201 45
201 475
201 555
201 731
201 831
202 152
202 661
202 766
202 846
202 883
202 98
203 121
203 645
203 680
203 725
203 760
203 81
203 989
204 195
204 431
204 778
204 964
205 190
205 199
205 270
205 448
205 593
206 274
206 753
206 891
207 200
207 448
207 517
207 519
207 868
208 116
208 250
208 791
208 944
209 10
209 137
209 252
209 305
209 580
209 828
209 835
21 108
21 326
21 437
21 468
21 589
21 65
21 699
210 561
210 713
210 866
211 12
211 193
211 274
211 311
211 667
212 403
212 428
212 549
212 624
212 642
213 131
213 428
213 623
214 12
214 235
214 325
214 471
215 514
215 88
215 945
216 802
216 977
217 616
217 704
217 789
218 27
218 483
218 542
218 795
219 341
219 833
22 152
22 987
220 188
220 195
220 31
220 389
220 567
220 841
220 975
221 241
221 362
221 467
221 534
221 610
222 144
222 146
222 178
222 427
222 621
222 762
222 775
223 357
223 38
223 945
223 971
224 459
224 623
225 125
225 269
225 359
225 542
226 209
226 250
226 359
226 4
226 557
226 872
226 963
227 153
227 471
227 889
228 107
228 291
228 340
228 694
228 794
229 122
229 141
229 314
229 434
229 478
229 760
229 900
23 31
23 327
23 558
230 634
230 778
231 750
231 846
231 969
232 134
232 677
232 761
232 884
233 269
233 31
233 496
233 85
234 416
234 503
234 530
234 570
234 782
234 815
235 380
235 44
235 837
235 930
236 235
236 250
236 54
236 941
236 959
236 980
237 325
237 447
238 278
238 818
238 850
238 979
239 33
239 576
239 811
24 189
24 240
24 320
24 973
24 981
240 188
240 65
241 160
241 171
241 253
241 498
241 825
241 908
242 210
242 456
242 599
242 637
242 672
242 821
242 975
243 114
243 241
243 713
243 982
244 205
244 294
244 477
244 520
244 693
244 751
244 891
245 75
245 814
245 839
246 349
246 397
246 532
246 572
246 692
246 853
246 868
247 365
247 567
247 762
247 817
247 863
247 877
247 88
248 154
248 222
248 263
248 282
248 367
248 521
248 57
249 14
249 169
249 490
249 622
249 726
249 79
249 899
25 165
25 197
25 514
25 755
250 707
250 714
251 126
251 198
251 44
251 644
251 746
251 866
252 567
252 668
252 700
252 83
252 854
252 962
253 64
253 862
254 176
254 214
254 595
255 195
255 270
255 402
255 489
255 769
255 95
256 398
256 782
256 970
257 181
257 383
257 41
258 335
258 435
258 941
258 967
259 230
259 564
259 642
259 874
26 231
26 241
26 553
26 720
26 806
260 194
260 468
261 477
261 711
261 78
262 18
262 2
262 572
262 751
262 791
262 935
263 278
263 515
263 603
264 420
264 453
264 489
264 919
265 338
265 557
266 244
266 291
266 401
266 430
266 795
266 825
267 534
267 696
267 947
268 106
268 345
268 540
268 698
269 10
269 144
269 344
269 418
269 841
269 842
27 180
27 615
270 220
270 421
270 599
271 216
271 36
271 453
271 527
271 743
271 841
272 103
272 347
272 677
272 994
273 430
273 505
274 372
274 389
274 561
274 713
275 193
275 332
275 360
275 591
275 685
275 993
276 332
276 549
276 697
276 792
276 943
277 63
277 64
277 807
277 883
277 927
278 171
278 462
278 718
278 907
278 95
279 244
279 492
279 504
279 978
28 109
28 347
28 374
28 481
28 489
28 789
280 113
280 143
281 197
281 321
281 540
282 509
282 794
283 556
283 848
283 956
284 109
284 353
284 494
284 535
284 647
284 819
284 951
285 141
285 178
285 715
285 790
285 819
285 890
285 984
286 128
286 298
286 726
286 785
286 828
287 435
287 47
287 500
287 757
287 766
288 64
288 683
288 70
289 26
289 454
289 616
29 188
29 201
29 263
29 443
29 552
29 573
29 612
290 310
290 622
290 879
291 107
291 22
291 595
291 907
291 995
292 166
292 276
292 37
292 378
292 791
292 900
293 151
293 192
293 272
293 349
293 397
293 547
294 1
294 109
294 185
294 210
294 37
294 714
294 839
295 149
295 214
295 327
295 378
295 505
295 670
295 901
296 340
296 377
296 434
296 730
296 929
297 123
297 637
297 665
297 812
297 918
298 429
298 544
299 118
299 328
299 39
299 425
299 427
299 697
3 317
3 641
3 713
3 716
3 732
3 994
30 649
30 878
30 983
300 133
300 144
300 147
300 37
300 400
301 527
301 642
301 913
302 314
302 465
302 701
302 825
302 981
303 104
303 370
304 205
304 384
304 856
304 974
304 98
305 470
305 491
305 656
305 942
305 980
306 422
306 675
306 895
307 244
307 379
307 519
307 532
307 830
308 291
308 312
308 326
308 396
308 548
309 127
309 244
31 194
31 238
31 322
31 431
31 606
31 743
31 761
310 664
310 906
311 197
311 307
311 599
311 633
311 93
312 10
312 241
312 425
313 102
313 113
313 14
313 161
313 70
313 965
314 135
314 318
314 407
314 689
314 732
314 925
315 380
315 646
316 308
316 478
317 121
317 29
317 449
317 886
317 907
318 109
318 376
318 547
318 682
318 981
319 255
319 418
319 523
319 576
319 696
32 35
32 655
32 980
320 137
320 434
320 651
320 653
320 699
321 393
321 447
322 58
322 595
322 640
323 277
323 314
323 34
323 524
323 593
323 624
323 834
324 520
324 647
324 786
324 80
325 101
325 252
325 29
325 370
325 571
325 763
325 961
326 495
326 632
326 79
326 930
327 748
327 929
328 257
328 375
328 870
329 2
329 242
329 290
329 47
329 516
329 792
33 374
33 388
330 185
330 295
330 479
330 972
331 58
331 737
331 83
331 863
332 15
332 219
332 525
332 595
333 123
333 18
333 227
333 432
333 57
333 71
333 76
334 600
334 799
335 428
335 520
335 69
336 127
336 404
336 599
336 616
336 637
336 732
337 333
337 377
337 738
337 815
337 941
337 97
338 13
338 409
338 443
339 390
339 398
339 465
339 544
339 730
339 803
34 100
34 247
34 37
34 556
34 583
34 644
340 28
340 750
341 224
341 503
341 684
341 846
341 87
342 125
342 336
342 442
342 838
342 87
342 897
342 971
343 275
343 620
343 766
344 401
344 713
345 168
345 298
345 471
345 490
345 893
346 271
346 43
346 467
346 641
346 68
346 690
346 805
347 115
347 228
347 41
347 459
347 596
347 76
347 778
348 0
348 102
348 50
348 606
348 683
348 708
349 357
349 542
349 833
35 365
35 400
35 619
35 621
35 675
35 724
350 36
350 364
350 729
350 745
351 372
351 428
351 439
351 673
351 688
352 395
352 497
352 763
352 856
353 597
353 951
353 968
354 331
354 34
354 491
354 982
355 118
355 187
355 545
355 6
355 704
356 135
356 18
356 188
356 430
356 439
357 150
357 318
357 557
357 86
357 982
357 995
358 21
358 487
359 127
359 171
359 241
359 294
359 467
359 975
36 867
36 97
360 239
360 456
360 640
360 739
360 742
360 985
361 132
361 466
361 657
361 869
362 35
362 421
362 505
363 226
363 257
363 362
363 602
363 77
363 900
364 155
364 239
364 434
364 582
364 895
365 11
365 240
365 250
365 398
365 471
365 748
365 782
366 589
366 865
367 473
367 710
367 808
367 915
368 223
368 328
368 377
368 484
368 526
368 528
369 429
369 500
369 584
369 784
37 258
37 655
37 84
37 869
370 157
370 378
370 549
370 56
370 595
370 634
370 95
371 381
371 978
371 995
372 192
372 742
373 61
373 709
373 977
374 136
374 277
374 29
374 299
374 976
374 984
375 312
375 448
375 471
375 684
375 690
375 993
376 495
376 617
376 640
376 660
376 688
376 748
376 89
377 367
377 457
377 726
377 85
378 167
378 287
378 352
378 672
378 976
379 462
379 664
379 96
38 330
38 393
38 62
38 952
380 684
380 733
380 877
381 820
381 828
382 242
382 480
382 995
383 245
383 270
383 569
383 79
383 818
383 981
384 14
384 152
384 355
384 442
384 757
384 868
384 932
385 275
385 391
385 456
385 664
385 689
386 154
386 288
386 353
386 710
386 834
386 944
386 997
387 100
387 127
387 182
387 632
387 720
387 823
387 828
388 39
388 400
388 474
388 658
388 713
388 798
388 94
389 472
389 563
389 581
389 669
389 735
39 125
39 217
39 291
39 402
39 473
39 506
39 794
390 259
390 524
390 60
390 711
391 136
391 182
391 228
391 256
391 282
391 663
392 124
392 475
392 647
392 97
393 143
393 247
393 403
393 513
393 886
394 220
394 528
394 670
394 778
394 899
394 927
395 277
395 701
395 930
395 968
396 332
396 567
397 128
397 188
397 236
397 259
397 843
398 149
398 407
398 526
398 64
398 824
398 916
399 365
399 531
399 870
4 365
4 580
4 692
4 824
40 303
40 35
40 680
40 908
40 977
400 189
400 418
401 852
401 927
402 175
402 206
402 337
402 606
402 706
402 840
403 565
403 783
403 848
404 869
404 904
404 97
405 186
405 36
405 559
405 594
405 655
405 699
405 743
406 22
406 271
406 321
406 415
406 57
406 639
406 741
407 492
407 740
407 835
407 839
408 510
408 866
408 97
409 254
409 296
409 492
409 719
409 763
409 799
409 969
41 538
41 706
41 906
410 170
410 364
410 74
411 207
411 224
411 828
412 700
412 847
413 2
413 279
413 579
413 710
413 856
414 276
414 645
415 167
415 592
415 68
416 288
416 405
416 450
416 679
417 116
417 208
417 357
417 655
417 934
417 956
418 156
418 179
418 185
418 780
419 433
419 606
419 657
419 688
419 784
419 881
42 431
42 625
420 369
420 499
420 745
420 758
421 324
421 617
421 732
421 983
422 136
422 149
422 371
422 410
422 938
422 998
423 2
423 309
423 40
423 43
423 980
424 107
424 226
424 433
424 481
424 532
424 884
424 993
425 350
425 608
425 832
426 334
426 674
427 31
427 36
427 403
427 42
427 479
427 636
427 973
428 188
428 404
428 623
428 653
428 8
428 859
429 222
429 516
429 682
429 736
429 982
43 459
43 881
430 359
430 436
430 496
430 532
431 122
431 289
431 418
431 473
431 561
431 717
431 873
432 317
432 349
432 945
432 959
432 972
433 412
433 458
433 558
433 903
434 346
434 929
434 98
435 299
435 831
436 140
436 485
436 591
436 715
436 856
436 915
436 938
437 157
437 623
437 86
437 880
437 901
438 116
438 434
438 511
438 734
439 23
439 475
44 457
44 679
440 406
440 526
440 683
440 859
441 299
441 366
441 563
441 678
441 729
441 857
441 911
442 338
442 536
442 541
442 547
442 65
442 971
442 974
443 294
443 745
443 90
444 189
444 252
444 289
444 782
445 330
445 749
446 388
446 450
446 493
446 748
446 758
447 151
447 2
447 266
447 719
448 554
448 837
449 362
449 473
449 485
449 520
449 732
449 90
449 967
45 439
45 521
45 555
450 466
450 7
451 398
451 45
451 747
451 93
452 1
452 663
452 675
452 783
452 984
453 308
453 345
453 418
453 457
453 489
453 596
454 153
454 511
454 608
454 935
454 990
455 383
455 742
455 980
456 197
456 343
456 351
456 399
456 766
457 397
457 575
457 62
457 96
458 153
458 515
458 561
458 678
459 869
459 937
46 134
46 188
46 493
46 595
460 140
460 206
460 334
460 38
460 712
460 9
460 959
461 501
461 522
461 887
462 22
462 470
462 507
462 579
463 21
463 411
463 477
463 492
463 781
463 923
463 984
464 405
464 735
465 111
465 286
465 449
465 507
466 177
466 341
466 573
466 774
466 814
466 93
467 122
467 155
467 438
467 480
467 852
468 588
468 896
469 197
469 265
469 514
469 555
469 878
47 204
47 254
47 458
47 538
47 680
47 754
470 172
470 554
471 163
471 240
471 326
471 348
471 640
471 791
471 924
472 598
472 631
472 836
472 903
473 137
473 184
473 226
473 355
473 508
473 569
473 969
474 135
474 753
475 11
475 314
475 494
475 785
475 830
475 887
475 959
476 535
476 595
476 605
476 677
476 921
477 10
477 160
477 366
477 410
477 46
477 784
477 789
478 415
478 512
479 706
479 76
479 83
479 997
48 167
48 323
48 337
48 346
48 606
48 644
480 136
480 33
480 335
480 396
480 913
480 949
481 146
481 47
481 658
481 985
482 622
482 717
482 980
483 128
483 40
483 590
483 87
484 248
484 291
484 49
484 628
484 824
484 939
485 407
485 456
485 91
486 341
486 377
486 456
486 527
487 11
487 151
487 38
488 26
488 874
488 882
489 107
489 749
489 803
49 348
49 636
49 799
49 833
49 855
49 94
490 250
490 743
490 928
490 929
490 932
491 213
491 231
491 318
491 391
491 464
491 503
491 56
492 37
492 709
492 830
493 349
493 391
493 491
493 51
493 523
493 66
493 748
494 165
494 231
494 415
494 496
494 715
494 88
494 885
495 289
495 478
495 492
495 512
495 514
495 574
495 879
496 361
496 442
496 471
496 882
497 367
497 777
497 840
497 963
498 101
498 222
498 373
498 41
498 878
498 922
499 138
499 684
499 748
5 273
5 785
5 820
5 86
50 128
50 154
50 306
50 542
50 650
50 96
500 275
500 309
500 363
500 478
500 641
500 708
501 84
501 945
502 301
502 341
502 464
502 640
502 929
502 96
503 167
503 219
503 692
504 149
504 254
504 265
504 274
504 307
504 782
505 412
505 538
505 540
506 272
506 319
506 617
506 655
506 938
506 963
506 964
507 379
507 549
507 946
508 604
508 786
509 482
509 560
509 985
51 233
51 343
51 548
51 66
51 663
51 879
510 184
510 247
510 274
510 331
510 397
510 842
511 487
511 573
511 793
512 66
512 67
512 888
512 933
513 192
513 311
513 323
513 430
513 581
514 241
514 25
514 299
514 667
514 788
514 805
514 990
515 176
515 235
515 535
515 727
515 752
515 817
515 900
516 249
516 402
517 363
517 618
518 237
518 24
518 432
518 65
518 858
518 900
519 20
519 277
519 51
519 859
519 868
519 957
52 493
52 580
52 818
52 871
52 980
520 105
520 248
520 356
520 48
520 647
520 76
521 725
521 911
522 140
522 443
523 344
523 783
524 104
524 152
524 362
524 477
524 493
524 740
525 30
525 312
525 414
525 732
526 18
526 218
526 347
526 690
526 709
527 213
527 288
527 337
527 39
528 175
528 371
528 503
528 586
528 686
528 746
528 84
529 157
529 20
529 312
529 346
529 743
529 846
53 117
53 170
53 488
53 586
53 899
530 165
530 186
530 396
530 575
530 71
530 86
530 884
531 140
531 324
531 56
531 587
531 871
531 922
532 322
532 529
532 54
532 666
532 684
532 885
533 262
533 600
534 699
534 704
535 169
535 246
535 37
535 425
535 977
536 502
536 505
536 592
536 655
537 349
537 584
538 259
538 264
538 430
538 459
538 469
538 510
538 655
539 194
539 324
539 355
54 346
54 60
54 754
54 80
54 952
540 393
540 483
540 885
540 897
540 919
541 437
541 582
541 641
542 195
542 267
542 284
542 380
542 611
542 671
542 954
543 378
543 391
543 498
543 545
543 736
543 850
544 11
544 249
544 883
544 92
545 110
545 183
545 229
545 61
545 808
545 900
546 277
546 374
546 542
546 561
546 827
546 911
547 210
547 893
548 160
548 243
548 384
548 663
548 831
548 933
549 147
549 314
549 342
549 449
549 524
549 527
55 398
55 640
55 835
55 876
55 889
550 224
550 24
551 198
551 21
551 216
551 458
551 463
551 725
551 935
552 578
552 901
553 216
553 563
553 739
553 858
554 165
554 273
554 666
554 692
554 781
554 969
555 381
555 465
555 540
555 644
555 888
555 992
556 240
556 311
556 614
557 21
557 666
557 805
557 98
558 337
558 886
559 238
559 309
559 368
559 405
559 796
559 84
56 303
56 338
56 362
56 580
56 658
560 334
560 57
560 777
560 789
560 865
560 930
560 972
561 118
561 517
561 520
562 655
562 777
563 587
563 667
564 301
564 327
564 909
564 98
564 989
565 133
565 187
565 576
565 773
565 829
565 937
566 344
566 715
566 823
566 991
567 811
567 818
567 915
568 127
568 232
568 407
568 582
568 734
568 991
569 358
569 447
569 473
569 490
569 601
569 648
569 890
57 170
57 550
57 588
57 601
57 844
57 934
57 936
570 34
570 351
570 411
570 485
570 707
570 817
571 28
571 429
571 864
572 331
572 348
572 368
572 643
572 882
573 16
573 174
573 26
573 303
573 594
573 694
573 7
574 347
574 505
574 557
574 605
574 935
574 991
575 520
575 605
576 290
576 662
577 243
577 619
577 670
577 680
577 872
577 93
578 21
578 335
579 103
579 206
579 238
579 912
58 431
58 722
58 762
58 775
58 885
58 97
58 98
580 176
580 639
580 792
580 820
581 134
581 555
582 521
582 591
582 735
583 366
583 40
583 430
584 282
584 326
584 784
584 966
585 132
585 474
585 544
585 677
585 88
586 101
586 150
586 398
586 469
586 615
586 663
586 85
587 400
587 926
588 514
588 531
589 139
589 14
589 307
589 386
589 995
59 606
59 773
59 774
59 872
59 90
59 94
590 433
590 52
590 607
590 837
591 265
591 31
591 348
591 56
591 688
591 824
592 250
592 366
592 386
592 427
592 723
592 875
593 327
593 432
593 515
593 67
593 690
594 301
594 415
594 448
594 480
594 684
594 687
594 898
595 447
595 523
595 638
595 895
596 137
596 153
596 17
596 6
597 266
597 498
597 814
597 934
597 936
598 155
598 241
598 25
598 415
598 49
598 727
599 185
599 774
599 844
599 910
6 756
6 981
60 462
60 542
60 699
60 848
60 915
600 351
600 808
600 891
600 895
601 0
601 254
601 368
601 708
601 766
601 972
602 247
602 41
602 672
603 150
603 427
604 217
604 364
604 396
604 42
604 474
604 486
605 527
605 663
606 145
606 177
606 56
606 598
606 628
606 780
606 883
607 240
607 29
607 317
607 335
607 513
607 997
608 150
608 455
608 601
608 862
608 872
609 158
609 192
609 264
609 632
609 650
609 864
61 415
61 468
610 248
610 278
610 373
610 382
610 452
610 62
610 851
611 315
611 693
611 874
612 298
612 380
612 655
612 684
612 929
613 291
613 350
613 425
613 591
613 692
613 876
614 1
614 290
614 713
614 74
614 84
614 934
615 184
615 275
615 31
615 315
616 370
616 55
616 908
616 985
617 120
617 201
617 477
617 481
617 653
618 230
618 256
618 436
618 68
618 849
618 901
619 323
619 407
619 465
619 778
619 804
619 828
62 562
62 84
620 538
620 832
620 837
621 660
621 669
622 730
622 772
622 783
623 231
623 305
623 375
623 403
623 844
624 104
624 342
624 459
624 696
624 772
624 894
624 932
625 335
625 576
626 384
626 4
626 561
626 756
626 819
627 161
627 443
627 693
627 704
627 983
628 101
628 21
628 512
628 574
628 615
628 661
628 790
629 155
629 596
629 653
629 759
63 33
63 531
63 778
63 780
63 81
63 811
63 923
630 218
630 279
630 295
630 550
630 579
630 63
630 646
631 341
631 420
631 654
631 788
632 16
632 360
632 502
632 522
632 738
632 913
633 102
633 22
633 47
633 471
633 75
633 910
633 994
634 161
634 236
634 578
634 950
635 293
635 33
635 759
636 112
636 158
636 310
636 728
636 798
636 98
637 207
637 422
637 584
637 587
637 647
637 791
638 363
638 485
639 180
639 619
639 715
64 152
64 602
64 974
640 117
640 157
640 29
640 45
640 474
640 574
641 432
641 548
641 621
641 718
641 810
641 859
641 977
642 197
642 742
642 901
643 280
643 295
643 731
643 744
643 789
643 86
644 309
644 403
644 627
644 851
644 892
644 945
645 111
645 116
645 352
645 424
645 839
645 963
646 476
646 811
646 85
646 934
646 936
647 250
647 402
648 205
648 415
649 239
649 277
649 368
649 455
649 537
649 557
649 627
65 279
65 329
65 352
65 55
65 557
65 735
65 936
650 298
650 331
650 430
650 542
650 687
651 106
651 241
651 394
651 425
651 591
651 841
651 952
652 447
652 540
652 615
652 999
653 380
653 521
654 25
654 87
654 887
655 568
655 7
655 706
655 845
656 246
656 306
656 325
656 490
656 686
657 191
657 34
657 45
657 557
657 754
657 852
657 942
658 353
658 834
658 915
659 212
659 33
659 342
659 52
659 549
659 818
659 944
66 215
66 566
66 83
66 881
660 667
660 668
660 996
661 548
661 62
662 197
662 530
662 536
662 560
662 682
663 482
663 707
663 86
664 460
664 672
665 329
665 43
665 63
665 721
665 923
666 167
666 614
667 170
667 262
667 593
667 642
667 908
668 708
668 732
668 941
668 948
669 237
669 246
669 554
669 653
669 745
669 821
67 228
67 236
67 368
67 619
670 625
670 664
670 836
671 307
671 495
671 648
671 742
671 823
672 557
672 582
672 607
672 80
672 807
672 939
673 100
673 21
673 819
673 874
674 267
674 287
674 942
675 558
675 749
675 795
676 438
676 612
676 668
676 922
677 105
677 185
677 507
677 632
677 830
678 29
678 507
678 95
679 101
679 147
679 56
679 629
679 690
679 949
68 155
68 368
68 507
68 978
680 101
680 192
680 355
680 482
680 823
680 87
680 954
681 204
681 72
681 756
681 763
681 861
682 342
682 352
683 964
683 978
684 12
684 143
684 325
684 388
684 435
684 710
685 233
685 556
685 572
685 8
685 901
686 361
686 846
686 849
686 893
686 96
687 215
687 484
687 536
687 657
687 761
687 949
688 100
688 354
688 647
688 78
688 88
688 880
689 180
689 444
689 618
69 536
69 641
69 872
690 276
690 352
690 366
690 652
691 171
691 262
691 589
691 669
691 797
692 368
692 525
692 59
693 211
693 452
693 582
693 73
693 825
693 963
694 152
694 45
694 679
694 722
694 948
695 30
695 332
695 438
695 583
695 705
695 813
696 478
696 639
696 782
696 809
696 832
696 914
696 996
697 292
697 384
697 426
697 596
697 910
698 318
698 387
698 559
698 590
698 729
698 785
699 344
699 390
7 224
7 34
7 630
7 886
7 899
70 151
70 558
70 725
70 745
70 794
70 85
700 301
700 351
700 717
700 85
700 86
701 230
701 448
701 525
701 70
701 809
701 926
702 374
702 406
702 592
703 424
703 774
703 86
704 146
704 581
704 587
705 111
705 205
705 609
705 723
705 761
705 983
705 996
706 462
706 55
706 822
706 870
706 95
706 960
706 982
707 109
707 153
707 305
707 649
707 653
707 660
708 12
708 758
708 852
709 170
709 333
709 372
709 45
709 904
71 36
71 654
71 885
71 963
710 119
710 272
710 296
710 403
710 540
711 16
711 238
711 256
711 297
711 357
711 485
711 937
712 176
712 273
712 359
712 476
712 867
712 899
713 219
713 496
713 571
713 67
713 72
713 903
713 987
714 103
714 21
714 24
715 111
715 265
715 28
715 494
715 656
715 693
715 90
716 141
716 160
716 168
716 282
716 320
716 573
716 580
717 346
717 481
717 509
717 720
717 864
718 106
718 564
718 567
718 818
718 846
718 860
718 907
719 113
719 566
719 598
72 349
72 744
72 954
720 152
720 169
720 308
720 402
720 425
720 810
721 571
721 80
721 964
721 991
722 154
722 849
722 999
723 12
723 207
723 290
723 779
723 794
723 833
723 978
724 224
724 574
724 70
724 802
724 821
724 889
724 898
725 209
725 383
725 478
725 606
725 811
726 212
726 572
726 579
726 846
726 918
727 257
727 552
727 581
727 854
727 984
728 106
728 179
728 673
728 72
729 102
729 212
729 53
729 788
729 815
73 229
73 51
73 539
73 558
73 660
73 719
73 962
730 149
730 168
730 443
730 532
730 538
731 305
731 318
731 37
731 377
731 464
731 562
731 919
732 12
732 466
732 526
732 662
732 905
733 302
733 501
733 530
733 611
734 140
734 355
734 415
734 645
734 678
734 845
734 89
735 130
735 277
735 381
735 571
735 626
735 747
735 982
736 355
736 625
737 10
737 167
737 183
737 309
737 594
737 660
737 973
738 38
738 462
738 662
738 879
738 970
739 514
739 617
739 817
739 887
739 961
74 114
74 115
74 120
74 237
74 67
74 763
74 985
740 176
740 213
740 268
740 601
740 757
740 866
741 16
741 311
741 435
741 494
741 791
741 878
742 239
742 245
742 363
742 438
742 516
742 583
742 794
743 530
743 658
744 286
744 516
744 984
745 364
745 429
745 948
746 117
746 717
746 757
746 975
747 120
747 352
747 44
747 729
747 941
748 40
748 636
749 186
749 830
749 844
749 857
749 892
749 951
75 100
75 248
75 25
75 414
75 59
75 666
750 617
750 626
750 739
750 85
750 86
751 253
751 279
751 610
751 693
751 798
752 390
752 909
753 368
753 738
754 535
754 646
755 104
755 169
755 210
755 282
755 469
755 836
755 859
756 161
756 162
756 17
756 337
756 860
756 937
756 94
757 21
757 316
757 551
757 595
757 874
758 160
758 344
758 42
758 520
758 530
758 831
758 976
759 681
759 685
759 732
759 779
759 921
76 184
76 654
760 100
760 110
760 768
761 207
761 681
761 760
761 764
761 941
762 228
762 328
762 415
762 461
762 466
762 725
762 75
763 178
763 35
763 511
763 780
763 895
764 108
764 190
764 354
764 382
764 395
764 489
764 611
765 401
765 467
765 738
765 803
765 872
765 932
766 131
766 517
766 629
766 781
767 100
767 287
768 287
768 526
768 958
768 982
769 446
769 602
769 679
769 691
769 817
77 10
77 354
77 40
77 601
77 669
77 840
770 211
770 906
771 147
771 907
772 329
772 577
772 690
772 742
773 109
773 207
773 605
774 236
774 39
774 610
774 624
774 643
774 814
775 133
775 262
775 365
775 383
775 436
775 543
775 786
776 163
776 657
776 746
776 793
777 179
777 348
778 319
778 446
778 523
778 533
778 625
778 696
778 896
779 112
779 129
779 378
779 615
779 794
779 82
779 858
78 166
78 244
78 607
78 70
78 798
780 121
780 677
780 680
780 683
780 745
780 865
781 27
781 947
782 296
782 608
783 124
783 207
783 545
783 618
783 778
783 798
784 178
784 261
784 619
784 77
784 830
784 851
784 99
785 521
785 59
785 975
786 332
786 578
786 675
786 719
786 750
786 804
786 963
787 225
787 68
787 70
787 78
787 9
787 927
787 947
788 563
788 726
789 422
789 508
789 588
79 138
79 621
79 746
79 823
79 827
79 985
790 312
790 683
791 207
791 216
791 453
791 520
791 582
791 761
792 203
792 305
792 729
792 829
792 996
793 131
793 257
793 345
793 540
793 565
793 851
793 907
794 275
794 294
794 380
794 646
794 998
795 378
795 532
796 106
796 228
796 521
796 61
796 680
796 71
797 286
797 306
797 616
797 836
797 894
798 465
798 827
799 112
799 75
799 878
8 273
8 298
80 289
80 53
80 645
80 795
800 55
800 668
800 954
801 124
801 17
801 249
801 299
801 500
801 572
801 625
802 11
802 460
802 545
802 935
802 991
803 218
803 398
803 4
803 954
803 964
804 289
804 310
804 444
804 530
804 537
804 941
805 474
805 509
805 723
806 396
806 547
806 566
806 673
806 711
807 138
807 291
807 391
807 682
807 83
808 259
808 271
808 480
808 501
808 615
808 835
808 961
809 274
809 309
809 776
809 858
809 938
81 19
81 228
81 312
81 356
81 862
810 135
810 736
810 920
811 897
811 940
811 982
812 337
812 342
812 742
812 799
813 166
813 390
813 715
813 717
813 885
813 904
813 924
814 114
814 193
814 785
815 287
815 304
815 487
815 503
815 694
815 809
816 592
816 993
817 338
817 532
818 306
818 409
818 510
818 690
818 787
818 913
819 176
819 201
819 204
819 223
819 474
819 567
819 725
82 150
82 170
82 172
82 286
82 298
82 471
82 812
820 368
820 660
820 665
821 172
821 258
821 650
821 68
821 952
822 260
822 413
822 748
823 202
823 252
823 27
823 530
823 692
824 133
824 188
824 674
824 976
825 201
825 298
825 435
825 554
825 939
826 386
826 418
827 192
827 83
828 163
828 601
828 860
828 933
829 447
829 937
83 413
83 434
83 949
830 67
830 753
830 796
830 844
830 859
830 890
830 916
831 282
831 423
831 472
831 927
832 105
832 477
832 741
832 875
833 610
833 621
833 662
833 682
834 174
834 349
834 520
834 828
834 86
835 68
835 980
836 262
836 584
836 657
836 691
837 0
837 165
837 266
837 927
838 178
838 220
838 508
838 653
838 904
839 141
839 254
839 291
839 461
84 457
84 71
84 757
84 799
84 884
84 955
84 968
840 100
840 299
840 38
840 407
840 691
840 771
840 87
841 619
841 925
842 238
842 302
842 31
842 532
843 112
843 371
843 971
844 17
844 291
844 378
844 923
844 925
844 961
845 580
845 932
846 171
846 2
846 591
846 610
846 770
846 858
846 951
847 221
847 226
847 474
847 536
847 587
847 593
847 64
848 137
848 302
848 304
848 493
848 503
848 906
849 32
849 658
849 717
849 855
849 867
849 900
85 379
85 462
85 477
85 887
85 909
85 936
850 27
850 270
851 278
851 598
851 964
852 490
852 82
852 91
853 182
853 400
853 482
853 620
853 647
853 78
854 22
854 342
854 413
854 531
854 609
854 721
854 952
855 37
855 546
855 632
855 794
855 83
855 861
856 84
856 970
857 760
857 830
858 153
858 216
858 439
858 556
858 795
858 946
858 983
859 380
859 919
86 54
86 902
860 153
860 243
860 604
860 912
861 543
861 645
861 821
861 987
862 105
862 191
862 745
862 875
863 369
863 556
863 823
864 227
864 392
864 493
864 681
864 782
864 999
865 139
865 22
865 288
865 342
865 61
865 769
865 905
866 285
866 305
866 466
866 514
866 648
866 730
867 126
867 181
867 184
867 219
867 608
868 371
868 412
868 436
868 504
868 526
868 607
868 698
869 254
869 713
87 398
87 40
87 405
87 439
870 116
870 265
870 554
870 970
871 264
871 626
871 647
872 278
872 333
872 401
872 694
873 14
873 154
873 229
873 685
873 72
874 105
874 249
874 478
874 66
874 671
874 904
875 239
875 390
875 490
875 545
875 752
875 894
876 151
876 421
876 456
876 522
876 645
876 689
876 736
877 320
877 369
877 721
877 744
878 347
878 720
878 774
878 791
878 845
879 334
879 502
879 683
879 84
879 938
879 984
88 100
88 224
88 695
88 730
880 125
880 291
880 438
880 537
881 158
881 405
881 569
881 603
881 675
881 931
882 204
882 207
882 273
882 382
882 520
883 139
883 146
883 169
883 618
883 904
883 944
884 723
884 882
885 205
885 302
885 679
885 710
885 802
886 417
886 422
886 907
887 241
887 482
887 641
887 691
887 964
887 985
888 323
888 640
888 718
888 824
888 831
888 990
889 328
889 563
889 567
889 881
89 299
89 528
89 647
89 717
89 894
890 121
890 158
890 273
890 936
891 389
891 584
891 711
891 769
891 897
892 256
892 759
893 30
893 876
894 293
894 553
894 705
895 490
895 58
895 638
895 722
896 162
896 62
897 221
897 223
897 396
897 420
897 62
898 239
898 845
899 439
899 938
9 312
9 360
9 462
9 712
90 232
90 534
90 539
90 831
90 941
900 254
900 351
900 450
900 512
900 719
901 197
901 306
901 800
901 89
901 946
901 981
902 548
902 584
902 594
902 618
902 722
902 84
902 899
903 412
903 462
903 584
903 679
903 721
903 744
903 749
904 101
904 257
904 407
904 411
904 705
904 994
905 126
905 25
905 389
905 596
905 735
905 750
906 258
906 260
906 701
906 979
907 147
907 232
907 310
907 74
907 81
908 310
908 697
908 733
908 781
908 809
908 832
908 857
909 531
909 542
909 65
909 907
909 925
909 968
91 150
91 250
910 536
910 544
911 419
911 709
911 858
912 265
912 610
912 635
912 670
912 807
912 948
913 151
913 378
913 497
913 707
914 29
914 325
914 385
914 545
914 791
915 28
915 319
915 456
915 489
915 64
915 779
915 990
916 514
916 649
916 696
916 970
917 193
917 194
917 290
917 457
917 623
917 793
918 22
918 282
918 322
918 846
918 857
919 598
919 655
919 990
92 48
92 677
92 826
92 938
920 266
920 344
920 387
920 668
921 575
921 593
921 818
921 830
921 969
922 350
922 380
922 398
922 690
922 732
922 877
923 366
923 482
923 944
923 984
924 240
924 907
925 159
925 2
925 369
926 266
926 37
926 480
926 555
926 655
926 695
926 869
927 326
927 728
927 8
928 235
928 796
928 798
929 206
929 578
929 707
929 749
929 778
93 209
93 259
93 320
93 56
930 113
930 362
930 390
930 618
930 757
930 964
930 979
931 297
931 415
932 297
932 310
932 599
932 760
932 768
932 780
932 8
933 269
933 325
933 465
933 831
933 844
933 888
934 848
934 916
935 339
935 412
935 457
936 118
936 456
936 858
936 932
937 281
937 581
938 23
938 419
938 440
939 118
939 330
939 36
939 706
939 941
94 283
94 732
94 751
94 786
94 963
940 306
940 453
940 597
940 598
940 825
940 958
940 959
941 272
941 312
941 478
941 651
941 895
942 254
942 604
943 310
943 927
944 214
944 350
944 448
944 480
944 571
944 66
944 695
945 10
945 124
945 158
945 245
945 444
945 657
946 122
946 210
947 152
947 198
947 769
948 23
948 311
948 358
948 498
948 602
948 89
949 393
949 432
949 451
949 718
949 897
95 807
95 871
950 539
950 940
951 164
951 48
951 60
951 836
951 846
951 986
952 113
952 205
952 525
952 583
952 774
952 840
953 242
953 294
953 321
953 337
953 604
953 644
954 813
954 833
954 879
954 915
955 489
955 85
955 965
956 138
956 415
956 599
957 569
957 655
957 720
957 750
957 831
957 89
958 368
958 474
958 504
958 669
959 418
959 55
959 666
959 737
96 46
96 460
96 56
96 856
96 891
96 9
96 929
960 109
960 491
961 378
961 635
961 904
962 284
962 319
962 49
962 496
962 572
962 671
962 882
963 253
963 593
963 756
963 778
964 261
964 497
964 756
964 797
965 199
965 318
965 497
966 254
966 607
967 333
967 769
968 45
968 585
968 770
969 307
969 713
97 120
97 598
97 923
970 180
970 346
970 588
970 708
970 765
970 852
970 855
971 339
971 860
972 372
972 374
972 458
972 496
972 807
972 815
973 252
973 356
973 361
973 677
973 985
973 986
974 177
974 237
974 38
974 421
974 766
974 783
974 798
975 315
975 356
975 396
975 54
975 860
976 153
976 163
976 361
976 373
976 587
976 703
977 345
977 36
977 569
977 744
977 784
977 868
977 978
978 156
978 661
978 724
979 19
979 600
979 622
98 449
98 889
98 937
980 595
980 887
980 889
981 214
981 38
981 688
981 904
981 938
982 189
982 253
982 624
982 731
982 749
982 889
983 37
983 711
983 714
983 76
984 462
984 655
984 668
985 315
985 414
985 627
985 65
985 766
985 927
986 339
986 364
986 523
986 734
986 822
986 891
986 974
987 209
987 262
987 596
988 34
988 516
989 158
989 405
989 936
99 132
99 184
99 272
99 498
99 57
99 830
99 991
990 102
990 261
990 376
990 498
990 896
991 320
991 371
992 268
992 275
992 462
992 698
992 822
992 83
992 876
993 508
993 751
994 136
994 561
994 778
995 158
995 177
995 283
995 290
995 584
995 911
995 973
996 155
996 250
996 311
996 485
996 924
996 988
997 44
997 653
998 106
998 314
998 700
998 926
999 105
999 194
999 240
999 463
999 467
999 554
999 764
