0 167
0 407
0 488
0 370
0 394
0 554
0 1
0 176
0 469
0 219
0 433
0 319
0 66
0 222
1 458
1 365
1 394
1 72
1 132
1 552
1 266
1 75
1 283
1 103
1 524
1 111
1 575
1 274
1 437
2 13
2 133
2 140
2 140
2 126
2 445
2 153
2 77
2 418
2 530
2 153
2 46
2 518
2 143
2 525
3 270
3 319
3 222
3 425
3 486
3 559
3 278
3 251
3 586
3 466
3 569
3 420
3 344
3 415
3 107
4 173
4 251
4 497
4 521
4 294
4 594
4 104
4 82
4 209
4 411
4 105
4 498
4 570
4 493
4 164
5 122
5 51
5 293
5 76
5 402
5 65
5 558
5 225
5 472
5 383
5 224
5 226
5 195
5 374
5 449
6 281
6 384
6 111
6 591
6 60
6 44
6 534
6 359
6 375
6 564
6 298
6 117
6 67
6 216
6 210
7 467
7 202
7 531
7 246
7 131
7 320
7 238
7 256
7 213
7 146
7 117
7 203
7 435
7 325
7 343
8 29
8 405
8 125
8 147
8 496
8 429
8 200
8 306
8 309
8 132
8 577
8 135
8 357
8 350
8 80
9 7
9 523
9 241
9 370
9 569
9 280
9 452
9 535
9 300
9 156
9 104
9 64
9 238
9 5
10 184
10 75
10 65
10 327
10 315
10 262
10 105
10 332
10 225
10 533
10 254
10 524
10 522
10 517
10 38
11 527
11 439
11 1
11 349
11 331
11 409
11 579
11 335
11 284
11 533
11 338
11 395
11 184
11 562
11 372
12 245
12 378
12 91
12 222
12 305
12 107
12 111
12 294
12 320
12 114
12 361
12 379
12 374
12 253
12 538
13 555
13 250
13 240
13 514
13 234
13 475
13 254
13 78
13 407
13 330
13 316
13 205
13 36
13 174
13 53
14 172
14 528
14 228
14 114
14 230
14 465
14 78
14 480
14 562
14 584
14 431
14 581
14 119
14 6
14 37
15 87
15 159
15 296
15 531
15 378
15 405
15 307
15 386
15 261
15 107
15 534
15 71
15 29
15 463
15 237
16 339
16 505
16 326
16 153
16 397
16 240
16 197
16 588
16 581
16 359
16 57
16 486
16 111
16 339
16 546
17 586
17 20
17 163
17 77
17 53
17 154
17 504
17 239
17 388
17 282
17 133
17 446
17 165
17 438
18 352
18 339
18 13
18 364
18 497
18 534
18 347
18 51
18 455
18 231
18 227
18 440
18 394
18 325
18 567
19 580
19 251
19 453
19 25
19 300
19 376
19 404
19 348
19 586
19 128
19 436
19 418
19 176
19 173
19 5
20 491
20 288
20 406
20 424
20 109
20 356
20 391
20 16
20 312
20 416
20 364
20 47
20 90
20 46
20 90
21 0
21 507
21 335
21 518
21 508
21 437
21 410
21 152
21 47
21 540
21 217
21 489
21 114
21 274
21 346
22 462
22 429
22 54
22 69
22 243
22 519
22 68
22 506
22 359
22 531
22 509
22 594
22 111
22 132
22 432
23 495
23 79
23 369
23 184
23 548
23 459
23 110
23 237
23 170
23 126
23 51
23 496
23 242
23 275
23 255
24 229
24 423
24 435
24 523
24 458
24 429
24 246
24 90
24 62
24 417
24 510
24 576
24 326
24 329
24 289
25 225
25 48
25 319
25 89
25 17
25 157
25 355
25 509
25 407
25 385
25 591
25 221
25 306
25 449
25 320
26 290
26 583
26 529
26 268
26 448
26 213
26 414
26 546
26 398
26 458
26 257
26 203
26 362
26 503
26 501
27 520
27 483
27 215
27 528
27 330
27 22
27 536
27 523
27 387
27 250
27 221
27 132
27 530
27 215
27 335
28 200
28 478
28 228
28 113
28 400
28 336
28 132
28 141
28 253
28 376
28 527
28 349
28 223
28 109
28 202
29 103
29 597
29 312
29 533
29 376
29 329
29 467
29 583
29 118
29 428
29 325
29 475
29 67
29 594
29 280
30 248
30 377
30 272
30 47
30 252
30 336
30 485
30 353
30 341
30 455
30 388
30 119
30 271
30 561
30 438
31 77
31 484
31 260
31 98
31 352
31 87
31 502
31 102
31 255
31 3
31 322
31 352
31 345
31 342
31 394
32 187
32 567
32 497
32 280
32 552
32 339
32 346
32 84
32 36
32 514
32 87
32 152
32 494
32 336
32 458
33 338
33 286
33 148
33 66
33 339
33 565
33 469
33 63
33 145
33 77
33 393
33 119
33 183
33 230
33 208
34 236
34 519
34 367
34 198
34 405
34 316
34 180
34 118
34 555
34 67
34 503
34 15
34 466
34 279
34 56
35 136
35 505
35 185
35 197
35 59
35 570
35 423
35 64
35 530
35 488
35 140
35 369
35 223
35 553
35 104
36 332
36 51
36 596
36 284
36 70
36 489
36 34
36 513
36 225
36 274
36 401
36 409
36 192
36 573
36 289
37 156
37 235
37 508
37 47
37 145
37 260
37 231
37 19
37 406
37 585
37 84
37 481
37 120
37 565
37 236
38 533
38 442
38 383
38 311
38 331
38 541
38 148
38 346
38 317
38 30
38 506
38 115
38 75
38 153
38 439
39 344
39 173
39 373
39 394
39 420
39 11
39 316
39 478
39 397
39 438
39 445
39 579
39 114
39 371
39 208
40 577
40 323
40 235
40 455
40 538
40 173
40 308
40 178
40 23
40 533
40 274
40 409
40 158
40 267
40 400
41 225
41 565
41 107
41 146
41 104
41 324
41 589
41 279
41 473
41 380
41 328
41 378
41 264
41 530
41 208
42 401
42 111
42 389
42 264
42 105
42 398
42 465
42 232
42 368
42 432
42 38
42 524
42 40
42 106
42 574
43 289
43 361
43 9
43 106
43 533
43 437
43 437
43 94
43 278
43 91
43 581
43 140
43 37
43 191
43 376
44 536
44 203
44 540
44 445
44 240
44 209
44 219
44 54
44 404
44 50
44 189
44 361
44 137
44 257
44 50
45 525
45 115
45 568
45 472
45 62
45 272
45 69
45 199
45 247
45 272
45 189
45 202
45 216
45 339
45 212
46 343
46 77
46 503
46 123
46 92
46 493
46 253
46 412
46 580
46 375
46 5
46 336
46 558
46 315
46 207
47 439
47 485
47 593
47 513
47 236
47 387
47 145
47 79
47 27
47 346
47 443
47 336
47 230
47 170
47 160
48 580
48 442
48 232
48 59
48 300
48 458
48 274
48 502
48 590
48 399
48 77
48 151
48 41
48 266
48 317
49 68
49 146
49 203
49 223
49 369
49 384
49 141
49 574
49 45
49 429
49 482
49 414
49 545
49 227
49 31
50 445
50 436
50 292
50 39
50 12
50 125
50 171
50 557
50 234
50 250
50 232
50 568
50 381
50 464
50 187
51 112
51 590
51 209
51 363
51 229
51 50
51 370
51 194
51 375
51 360
51 72
51 94
51 447
51 560
51 112
52 131
52 198
52 313
52 0
52 224
52 111
52 65
52 284
52 500
52 32
52 468
52 29
52 28
52 30
52 169
53 482
53 279
53 474
53 243
53 213
53 118
53 48
53 351
53 263
53 144
53 548
53 505
53 325
53 356
54 399
54 530
54 109
54 211
54 584
54 289
54 30
54 131
54 220
54 15
54 501
54 40
54 460
54 572
54 586
55 63
55 357
55 117
55 504
55 249
55 538
55 383
55 121
55 51
55 536
55 592
55 187
55 192
55 14
55 31
56 14
56 128
56 204
56 313
56 401
56 449
56 409
56 414
56 304
56 539
56 213
56 204
56 352
56 340
56 378
57 462
57 249
57 517
57 551
57 326
57 27
57 241
57 407
57 274
57 588
57 265
57 72
57 412
57 460
57 159
58 83
58 89
58 217
58 442
58 462
58 476
58 189
58 4
58 173
58 482
58 102
58 364
58 410
58 48
58 529
59 194
59 516
59 537
59 223
59 328
59 404
59 40
59 173
59 295
59 310
59 20
59 455
59 422
59 138
59 415
60 580
60 192
60 118
60 156
60 34
60 274
60 389
60 368
60 566
60 457
60 190
60 111
60 595
60 156
61 540
61 303
61 416
61 67
61 477
61 449
61 156
61 59
61 205
61 203
61 451
61 99
61 224
61 574
61 132
62 588
62 526
62 193
62 284
62 460
62 11
62 145
62 399
62 319
62 248
62 280
62 18
62 300
62 416
62 341
63 379
63 428
63 11
63 339
63 101
63 334
63 6
63 129
63 30
63 278
63 423
63 471
63 596
63 363
63 168
64 590
64 445
64 162
64 390
64 188
64 280
64 175
64 351
64 139
64 528
64 388
64 442
64 286
64 309
64 308
65 553
65 193
65 157
65 145
65 450
65 118
65 310
65 507
65 474
65 427
65 434
65 113
65 157
65 182
65 238
66 380
66 165
66 198
66 152
66 130
66 495
66 271
66 70
66 273
66 478
66 48
66 408
66 329
66 49
66 326
67 413
67 546
67 442
67 515
67 292
67 455
67 112
67 224
67 156
67 551
67 460
67 347
67 576
67 383
67 58
68 387
68 460
68 506
68 596
68 59
68 354
68 358
68 204
68 14
68 331
68 435
68 167
68 375
68 299
68 425
69 247
69 330
69 137
69 231
69 249
69 290
69 389
69 503
69 282
69 484
69 404
69 530
69 306
69 599
69 222
70 403
70 153
70 458
70 520
70 461
70 560
70 49
70 208
70 573
70 172
70 280
70 327
70 373
70 383
70 121
71 192
71 436
71 16
71 137
71 83
71 429
71 45
71 78
71 364
71 333
71 182
71 23
71 79
71 550
71 280
72 253
72 55
72 546
72 564
72 126
72 205
72 93
72 286
72 558
72 373
72 116
72 485
72 85
72 388
72 534
73 446
73 543
73 467
73 245
73 207
73 30
73 512
73 267
73 561
73 551
73 363
73 359
73 380
73 321
73 180
74 103
74 487
74 518
74 289
74 195
74 596
74 133
74 33
74 350
74 315
74 559
74 461
74 121
74 132
74 447
75 529
75 557
75 33
75 461
75 363
75 489
75 1
75 10
75 284
75 509
75 521
75 96
75 59
75 558
75 217
76 426
76 26
76 95
76 231
76 233
76 103
76 501
76 518
76 448
76 467
76 48
76 507
76 397
76 489
76 107
77 379
77 356
77 164
77 70
77 127
77 209
77 203
77 129
77 448
77 232
77 298
77 298
77 120
77 72
77 407
78 331
78 338
78 498
78 85
78 160
78 92
78 395
78 239
78 85
78 274
78 360
78 399
78 19
78 554
78 90
79 388
79 363
79 151
79 366
79 231
79 58
79 296
79 275
79 469
79 269
79 31
79 51
79 547
79 168
79 552
80 420
80 19
80 87
80 471
80 47
80 375
80 82
80 289
80 81
80 500
80 199
80 86
80 552
80 514
80 119
81 310
81 414
81 319
81 194
81 348
81 561
81 190
81 31
81 469
81 62
81 5
81 347
81 96
81 147
81 96
82 484
82 89
82 581
82 586
82 461
82 381
82 250
82 294
82 183
82 219
82 61
82 369
82 258
82 224
82 457
83 373
83 231
83 288
83 202
83 5
83 391
83 417
83 445
83 468
83 241
83 140
83 36
83 192
83 67
83 449
84 134
84 335
84 563
84 92
84 468
84 524
84 568
84 326
84 563
84 493
84 6
84 271
84 144
84 337
84 410
85 225
85 290
85 226
85 8
85 565
85 464
85 181
85 291
85 198
85 36
85 72
85 598
85 58
85 329
85 340
86 537
86 441
86 79
86 138
86 575
86 461
86 26
86 108
86 18
86 385
86 546
86 435
86 196
86 299
86 190
87 96
87 212
87 35
87 363
87 310
87 356
87 13
87 331
87 293
87 315
87 140
87 176
87 35
87 49
87 578
88 117
88 29
88 142
88 258
88 205
88 336
88 393
88 427
88 398
88 422
88 430
88 532
88 478
88 308
88 148
89 255
89 70
89 229
89 429
89 233
89 587
89 515
89 3
89 568
89 159
89 142
89 201
89 126
89 553
89 106
90 139
90 76
90 168
90 296
90 69
90 47
90 4
90 148
90 285
90 438
90 197
90 595
90 358
90 500
90 228
91 576
91 289
91 497
91 442
91 430
91 396
91 536
91 473
91 458
91 119
91 409
91 541
91 254
91 397
91 283
92 53
92 47
92 575
92 27
92 90
92 175
92 207
92 298
92 297
92 193
92 488
92 208
92 150
92 196
92 494
93 557
93 354
93 480
93 155
93 487
93 54
93 154
93 14
93 378
93 424
93 65
93 24
93 389
93 48
93 136
94 176
94 251
94 559
94 118
94 437
94 534
94 409
94 60
94 330
94 327
94 531
94 2
94 371
94 465
94 52
95 112
95 245
95 196
95 177
95 487
95 511
95 474
95 411
95 500
95 295
95 114
95 241
95 425
95 329
95 147
96 184
96 452
96 228
96 170
96 454
96 597
96 15
96 209
96 196
96 28
96 258
96 409
96 263
96 135
96 515
97 503
97 383
97 417
97 278
97 106
97 216
97 43
97 171
97 315
97 122
97 160
97 497
97 368
97 598
98 102
98 41
98 372
98 242
98 478
98 357
98 17
98 449
98 427
98 78
98 182
98 365
98 167
98 293
98 130
99 347
99 304
99 155
99 227
99 396
99 251
99 203
99 260
99 400
99 108
99 32
99 371
99 481
99 61
99 522
100 208
100 170
100 97
100 355
100 208
100 258
100 16
100 459
100 68
100 568
100 456
100 510
100 205
100 349
100 178
101 269
101 589
101 225
101 227
101 394
101 544
101 573
101 331
101 182
101 544
101 503
101 210
101 461
101 380
101 413
102 231
102 540
102 223
102 524
102 485
102 590
102 302
102 63
102 326
102 16
102 182
102 550
102 177
102 31
102 415
103 474
103 302
103 14
103 577
103 466
103 38
103 192
103 187
103 486
103 553
103 28
103 202
103 446
103 264
103 571
104 563
104 28
104 183
104 285
104 234
104 275
104 434
104 544
104 293
104 400
104 75
104 259
104 82
104 153
104 36
105 181
105 299
105 295
105 257
105 235
105 446
105 136
105 303
105 293
105 299
105 380
105 246
105 168
105 432
105 572
106 160
106 593
106 204
106 589
106 474
106 407
106 279
106 226
106 475
106 2
106 571
106 453
106 25
106 177
106 26
107 461
107 117
107 31
107 81
107 377
107 197
107 382
107 27
107 434
107 154
107 104
107 159
107 176
107 116
107 45
108 197
108 80
108 434
108 265
108 583
108 331
108 461
108 310
108 571
108 514
108 216
108 202
108 37
108 405
108 214
109 285
109 486
109 391
109 350
109 197
109 332
109 378
109 244
109 103
109 265
109 458
109 208
109 80
109 148
110 512
110 437
110 218
110 455
110 441
110 598
110 422
110 467
110 168
110 462
110 188
110 301
110 531
110 2
110 85
111 146
111 123
111 367
111 415
111 482
111 565
111 397
111 34
111 235
111 43
111 280
111 319
111 588
111 88
111 262
112 330
112 131
112 484
112 353
112 429
112 479
112 137
112 22
112 424
112 212
112 101
112 71
112 583
112 0
112 167
113 133
113 505
113 170
113 395
113 200
113 290
113 22
113 53
113 533
113 46
113 157
113 391
113 29
113 410
113 338
114 531
114 465
114 409
114 119
114 583
114 291
114 525
114 413
114 515
114 513
114 27
114 185
114 562
114 217
114 294
115 262
115 371
115 170
115 560
115 526
115 282
115 111
115 299
115 523
115 180
115 51
115 109
115 196
115 305
115 580
116 468
116 423
116 80
116 131
116 299
116 82
116 118
116 343
116 364
116 541
116 75
116 358
116 236
116 44
116 589
117 238
117 438
117 216
117 561
117 149
117 51
117 351
117 525
117 177
117 150
117 286
117 197
117 556
117 455
117 414
118 473
118 5
118 478
118 356
118 553
118 32
118 408
118 361
118 163
118 509
118 122
118 73
118 447
118 497
118 542
119 463
119 82
119 491
119 227
119 574
119 149
119 499
119 250
119 154
119 133
119 527
119 297
119 593
119 590
119 592
120 269
120 221
120 492
120 490
120 49
120 595
120 315
120 222
120 143
120 322
120 480
120 430
120 31
120 311
120 306
121 586
121 434
121 396
121 141
121 68
121 334
121 68
121 208
121 176
121 105
121 290
121 150
121 208
121 403
121 157
122 89
122 16
122 360
122 136
122 102
122 144
122 581
122 76
122 120
122 67
122 549
122 324
122 407
122 386
122 45
123 193
123 101
123 195
123 152
123 65
123 206
123 34
123 379
123 92
123 425
123 116
123 204
123 99
123 225
123 164
124 309
124 438
124 125
124 229
124 417
124 435
124 96
124 498
124 85
124 499
124 541
124 38
124 596
124 34
124 138
125 395
125 48
125 384
125 514
125 258
125 270
125 5
125 356
125 461
125 131
125 465
125 123
125 509
125 188
125 110
126 569
126 174
126 554
126 318
126 510
126 392
126 42
126 37
126 326
126 476
126 178
126 110
126 571
126 6
126 130
127 219
127 259
127 205
127 390
127 357
127 428
127 333
127 458
127 488
127 518
127 408
127 219
127 266
127 523
127 403
128 422
128 404
128 503
128 36
128 305
128 439
128 130
128 515
128 224
128 19
128 529
128 157
128 537
128 286
128 16
129 70
129 396
129 199
129 136
129 424
129 223
129 367
129 362
129 528
129 460
129 422
129 73
129 517
129 293
129 56
130 539
130 569
130 481
130 497
130 446
130 324
130 237
130 429
130 94
130 589
130 204
130 538
130 437
130 97
130 126
131 236
131 82
131 301
131 150
131 8
131 374
131 293
131 444
131 547
131 415
131 67
131 517
131 186
131 194
132 201
132 240
132 97
132 486
132 512
132 550
132 131
132 159
132 431
132 191
132 6
132 547
132 49
132 298
132 379
133 38
133 366
133 13
133 454
133 179
133 140
133 338
133 11
133 18
133 26
133 554
133 77
133 274
133 247
133 56
134 235
134 188
134 181
134 316
134 406
134 333
134 100
134 340
134 454
134 587
134 273
134 513
134 228
134 100
134 136
135 313
135 287
135 62
135 486
135 507
135 493
135 147
135 473
135 427
135 244
135 175
135 393
135 118
135 553
135 12
136 175
136 581
136 349
136 388
136 27
136 276
136 339
136 466
136 84
136 71
136 425
136 175
136 451
136 112
136 311
137 150
137 486
137 190
137 70
137 58
137 259
137 285
137 114
137 93
137 333
137 136
137 217
137 318
137 469
137 126
138 467
138 555
138 0
138 278
138 556
138 9
138 26
138 306
138 273
138 401
138 207
138 8
138 190
138 329
138 334
139 408
139 447
139 441
139 364
139 83
139 354
139 102
139 104
139 196
139 199
139 196
139 417
139 274
139 409
139 502
140 384
140 549
140 14
140 73
140 98
140 40
140 319
140 15
140 279
140 251
140 162
140 570
140 317
140 580
140 415
141 538
141 217
141 485
141 77
141 55
141 556
141 161
141 190
141 222
141 86
141 201
141 53
141 14
141 388
141 508
142 47
142 301
142 558
142 407
142 387
142 207
142 175
142 304
142 491
142 9
142 70
142 374
142 34
142 306
142 150
143 559
143 207
143 411
143 580
143 168
143 73
143 36
143 261
143 289
143 306
143 286
143 306
143 70
143 441
143 453
144 151
144 367
144 16
144 322
144 388
144 50
144 476
144 507
144 62
144 475
144 449
144 421
144 336
144 80
144 534
145 89
145 6
145 337
145 510
145 182
145 280
145 94
145 591
145 343
145 562
145 48
145 559
145 499
145 379
145 587
146 80
146 388
146 115
146 520
146 244
146 115
146 462
146 236
146 503
146 574
146 428
146 349
146 366
146 179
146 508
147 376
147 272
147 124
147 253
147 485
147 192
147 248
147 138
147 154
147 580
147 38
147 403
147 312
147 481
147 581
148 98
148 164
148 310
148 459
148 162
148 553
148 87
148 389
148 282
148 210
148 459
148 503
148 488
148 495
148 276
149 365
149 282
149 194
149 118
149 584
149 91
149 298
149 472
149 415
149 118
149 194
149 587
149 549
149 545
149 470
150 236
150 324
150 339
150 128
150 264
150 21
150 599
150 283
150 61
150 88
150 521
150 331
150 568
150 556
150 489
151 421
151 219
151 87
151 461
151 108
151 44
151 175
151 7
151 104
151 459
151 410
151 293
151 441
151 147
151 123
152 403
152 81
152 558
152 590
152 279
152 387
152 178
152 97
152 554
152 404
152 27
152 14
152 444
152 434
152 244
153 464
153 460
153 278
153 17
153 366
153 402
153 119
153 50
153 45
153 570
153 71
153 394
153 243
153 387
153 26
154 6
154 471
154 341
154 499
154 37
154 69
154 240
154 363
154 398
154 28
154 433
154 131
154 527
154 499
154 308
155 145
155 227
155 312
155 529
155 126
155 470
155 202
155 438
155 160
155 348
155 216
155 162
155 269
155 455
155 1
156 521
156 3
156 307
156 235
156 209
156 315
156 286
156 72
156 227
156 519
156 172
156 495
156 239
156 64
156 330
157 381
157 421
157 286
157 60
157 596
157 564
157 503
157 534
157 31
157 248
157 178
157 274
157 210
157 41
157 534
158 77
158 399
158 552
158 489
158 21
158 2
158 269
158 45
158 284
158 328
158 465
158 315
158 143
158 381
158 516
159 300
159 116
159 118
159 139
159 204
159 58
159 553
159 254
159 244
159 369
159 212
159 1
159 491
159 373
159 263
160 242
160 598
160 217
160 310
160 231
160 394
160 115
160 486
160 203
160 182
160 129
160 125
160 314
160 109
160 201
161 377
161 565
161 563
161 236
161 106
161 229
161 594
161 344
161 525
161 292
161 95
161 489
161 416
161 224
161 376
162 457
162 157
162 327
162 149
162 249
162 417
162 185
162 240
162 130
162 152
162 258
162 280
162 476
162 314
162 561
163 420
163 439
163 529
163 10
163 4
163 62
163 383
163 55
163 129
163 258
163 127
163 10
163 61
163 315
163 366
164 487
164 27
164 465
164 536
164 326
164 271
164 572
164 500
164 12
164 267
164 520
164 83
164 48
164 230
164 286
165 599
165 137
165 255
165 183
165 2
165 392
165 32
165 126
165 307
165 425
165 399
165 244
165 323
165 241
165 367
166 333
166 144
166 21
166 581
166 472
166 579
166 181
166 138
166 542
166 593
166 82
166 276
166 295
166 31
166 75
167 263
167 527
167 306
167 582
167 595
167 420
167 364
167 152
167 410
167 380
167 409
167 110
167 421
167 101
167 399
168 397
168 464
168 197
168 531
168 429
168 144
168 542
168 137
168 265
168 117
168 210
168 268
168 18
168 421
168 321
169 173
169 430
169 173
169 553
169 496
169 349
169 83
169 202
169 553
169 14
169 192
169 541
169 367
169 250
169 573
170 297
170 347
170 427
170 545
170 510
170 281
170 57
170 291
170 76
170 508
170 480
170 56
170 270
170 306
170 53
171 590
171 30
171 375
171 536
171 142
171 413
171 212
171 380
171 125
171 487
171 585
171 453
171 213
171 346
171 349
172 543
172 231
172 278
172 133
172 182
172 398
172 204
172 152
172 46
172 247
172 348
172 290
172 406
172 166
172 410
173 442
173 189
173 323
173 205
173 14
173 35
173 434
173 160
173 439
173 74
173 565
173 426
173 344
173 384
173 55
174 248
174 565
174 308
174 46
174 370
174 370
174 538
174 78
174 417
174 72
174 213
174 461
174 62
174 9
174 138
175 564
175 491
175 424
175 518
175 368
175 425
175 468
175 290
175 236
175 0
175 146
175 330
175 73
175 32
175 374
176 222
176 453
176 503
176 464
176 246
176 473
176 157
176 112
176 281
176 548
176 87
176 336
176 63
176 23
176 221
177 388
177 230
177 547
177 237
177 0
177 401
177 594
177 516
177 565
177 334
177 310
177 385
177 321
177 504
177 233
178 80
178 105
178 509
178 595
178 483
178 222
178 557
178 478
178 11
178 228
178 256
178 273
178 555
178 23
178 132
179 1
179 5
179 348
179 264
179 243
179 584
179 554
179 227
179 27
179 237
179 541
179 451
179 96
179 538
179 468
180 206
180 109
180 237
180 28
180 509
180 576
180 558
180 424
180 279
180 546
180 590
180 540
180 137
180 326
180 129
181 402
181 490
181 73
181 463
181 339
181 109
181 448
181 90
181 339
181 177
181 355
181 177
181 590
181 200
181 89
182 147
182 243
182 276
182 273
182 211
182 223
182 250
182 28
182 20
182 296
182 48
182 366
182 257
182 560
182 143
183 188
183 160
183 541
183 437
183 132
183 469
183 347
183 296
183 296
183 493
183 372
183 421
183 329
183 509
183 141
184 14
184 484
184 191
184 110
184 558
184 261
184 433
184 382
184 85
184 28
184 433
184 485
184 435
184 237
184 445
185 242
185 205
185 566
185 386
185 202
185 243
185 552
185 473
185 541
185 134
185 411
185 179
185 527
185 262
185 258
186 162
186 367
186 443
186 352
186 532
186 231
186 409
186 170
186 304
186 158
186 53
186 566
186 427
186 11
186 415
187 397
187 533
187 545
187 135
187 46
187 565
187 208
187 292
187 526
187 328
187 570
187 83
187 70
187 564
187 508
188 192
188 584
188 189
188 509
188 595
188 380
188 37
188 179
188 104
188 446
188 11
188 426
188 446
188 551
188 210
189 155
189 27
189 109
189 308
189 541
189 504
189 528
189 279
189 212
189 283
189 254
189 121
189 103
189 307
189 293
190 163
190 263
190 226
190 406
190 71
190 322
190 110
190 207
190 308
190 528
190 191
190 267
190 537
190 227
190 223
191 249
191 71
191 441
191 535
191 1
191 332
191 304
191 415
191 523
191 447
191 524
191 416
191 460
191 261
191 94
192 234
192 577
192 247
192 335
192 149
192 102
192 538
192 57
192 595
192 298
192 536
192 588
192 59
192 323
192 18
193 472
193 68
193 363
193 55
193 306
193 448
193 475
193 80
193 179
193 152
193 416
193 505
193 442
193 28
193 438
194 17
194 128
194 223
194 419
194 434
194 120
194 530
194 189
194 1
194 331
194 407
194 489
194 240
194 108
194 34
195 547
195 93
195 480
195 142
195 353
195 514
195 75
195 523
195 336
195 87
195 379
195 256
195 311
195 170
195 326
196 483
196 158
196 520
196 550
196 329
196 590
196 203
196 12
196 102
196 582
196 224
196 111
196 558
196 540
196 288
197 349
197 331
197 333
197 253
197 491
197 393
197 26
197 474
197 208
197 18
197 140
197 544
197 16
197 572
197 440
198 8
198 226
198 37
198 216
198 437
198 456
198 364
198 226
198 338
198 123
198 276
198 328
198 500
198 374
198 416
199 502
199 285
199 365
199 315
199 422
199 74
199 104
199 598
199 241
199 475
199 541
199 302
199 27
199 499
199 559
200 454
200 86
200 392
200 578
200 418
200 421
200 347
200 530
200 124
200 435
200 64
200 204
200 357
200 109
200 15
201 528
201 63
201 515
201 206
201 212
201 433
201 1
201 82
201 431
201 344
201 226
201 12
201 413
201 101
201 253
202 442
202 317
202 471
202 382
202 84
202 366
202 524
202 510
202 483
202 60
202 565
202 515
202 70
202 294
202 58
203 61
203 578
203 59
203 45
203 499
203 180
203 395
203 207
203 162
203 548
203 286
203 459
203 189
203 489
203 62
204 169
204 157
204 48
204 433
204 215
204 493
204 276
204 563
204 598
204 127
204 195
204 326
204 4
204 369
204 561
205 135
205 167
205 292
205 596
205 219
205 451
205 364
205 87
205 1
205 557
205 1
205 274
205 14
205 304
205 264
206 358
206 352
206 218
206 397
206 339
206 531
206 229
206 493
206 574
206 48
206 216
206 83
206 344
206 210
206 322
207 478
207 550
207 491
207 257
207 115
207 299
207 518
207 181
207 257
207 231
207 126
207 551
207 293
207 482
207 371
208 253
208 159
208 24
208 349
208 246
208 556
208 211
208 89
208 430
208 597
208 240
208 239
208 92
208 16
208 331
209 214
209 12
209 295
209 219
209 542
209 238
209 148
209 500
209 334
209 345
209 95
209 449
209 587
209 504
209 456
210 175
210 264
210 177
210 212
210 11
210 6
210 217
210 563
210 589
210 41
210 333
210 374
210 214
210 26
210 303
211 493
211 399
211 583
211 435
211 340
211 332
211 444
211 424
211 347
211 120
211 238
211 253
211 277
211 273
211 391
212 66
212 511
212 485
212 199
212 365
212 423
212 490
212 536
212 8
212 443
212 123
212 129
212 34
212 129
212 98
213 506
213 264
213 53
213 55
213 208
213 69
213 378
213 555
213 578
213 432
213 334
213 357
213 506
213 225
213 131
214 280
214 234
214 522
214 587
214 271
214 399
214 306
214 50
214 446
214 10
214 32
214 237
214 247
214 583
214 451
215 363
215 134
215 550
215 494
215 277
215 503
215 208
215 248
215 275
215 552
215 568
215 199
215 336
215 207
215 198
216 162
216 489
216 476
216 344
216 321
216 300
216 473
216 6
216 296
216 310
216 394
216 255
216 334
216 165
216 326
217 341
217 587
217 430
217 353
217 91
217 206
217 253
217 291
217 536
217 545
217 265
217 587
217 541
217 411
217 403
218 196
218 196
218 136
218 331
218 275
218 552
218 598
218 35
218 354
218 287
218 226
218 397
218 309
218 130
218 277
219 546
219 83
219 119
219 12
219 264
219 586
219 460
219 69
219 420
219 277
219 283
219 313
219 151
219 391
219 229
220 27
220 333
220 440
220 315
220 290
220 178
220 545
220 210
220 555
220 181
220 520
220 230
220 450
220 124
220 6
221 35
221 387
221 281
221 539
221 264
221 287
221 473
221 255
221 45
221 293
221 161
221 76
221 233
221 14
221 384
222 67
222 279
222 515
222 292
222 410
222 269
222 154
222 21
222 352
222 87
222 536
222 272
222 468
222 554
222 272
223 472
223 88
223 510
223 136
223 530
223 315
223 176
223 225
223 89
223 73
223 278
223 493
223 515
223 121
223 364
224 280
224 425
224 455
224 367
224 245
224 361
224 228
224 135
224 90
224 217
224 215
224 186
224 263
224 383
224 559
225 296
225 162
225 185
225 546
225 563
225 163
225 562
225 379
225 212
225 101
225 149
225 256
225 281
225 448
225 3
226 103
226 531
226 192
226 209
226 185
226 37
226 239
226 514
226 568
226 186
226 181
226 189
226 6
226 107
226 391
227 444
227 483
227 61
227 67
227 487
227 4
227 511
227 100
227 290
227 499
227 188
227 537
227 7
227 64
227 112
228 49
228 139
228 407
228 479
228 193
228 200
228 381
228 554
228 513
228 463
228 71
228 435
228 555
228 155
228 344
229 297
229 20
229 66
229 593
229 541
229 115
229 4
229 167
229 420
229 222
229 192
229 414
229 495
229 277
229 166
230 157
230 38
230 166
230 445
230 84
230 14
230 179
230 533
230 434
230 305
230 293
230 453
230 443
230 151
230 266
231 599
231 469
231 544
231 443
231 246
231 163
231 205
231 167
231 440
231 170
231 362
231 511
231 342
231 506
231 164
232 340
232 227
232 1
232 258
232 331
232 325
232 471
232 372
232 144
232 96
232 314
232 186
232 107
232 327
232 471
233 311
233 42
233 247
233 172
233 67
233 518
233 232
233 533
233 504
233 421
233 449
233 195
233 369
233 68
233 229
234 211
234 105
234 496
234 253
234 215
234 66
234 212
234 72
234 288
234 325
234 241
234 226
234 558
234 481
234 434
235 131
235 83
235 75
235 144
235 347
235 561
235 198
235 302
235 468
235 169
235 544
235 481
235 192
235 382
235 111
236 205
236 539
236 14
236 415
236 137
236 180
236 490
236 418
236 398
236 327
236 550
236 127
236 204
236 557
236 348
237 505
237 350
237 431
237 68
237 483
237 103
237 208
237 392
237 185
237 342
237 277
237 370
237 9
237 28
237 17
238 223
238 52
238 198
238 363
238 215
238 333
238 483
238 56
238 33
238 434
238 565
238 216
238 310
238 28
238 532
239 289
239 505
239 275
239 105
239 269
239 543
239 243
239 492
239 367
239 208
239 319
239 280
239 582
239 183
239 128
240 229
240 335
240 78
240 420
240 263
240 66
240 328
240 122
240 55
240 373
240 169
240 518
240 364
240 525
240 334
241 11
241 453
241 206
241 270
241 238
241 479
241 536
241 536
241 239
241 60
241 573
241 245
241 1
241 274
241 250
242 176
242 358
242 163
242 226
242 328
242 545
242 531
242 392
242 126
242 552
242 556
242 329
242 359
242 332
242 411
243 542
243 255
243 222
243 378
243 493
243 252
243 371
243 331
243 55
243 7
243 283
243 321
243 35
243 469
243 190
244 285
244 356
244 488
244 178
244 101
244 3
244 261
244 522
244 341
244 425
244 409
244 54
244 231
244 505
244 367
245 441
245 371
245 273
245 324
245 224
245 544
245 335
245 263
245 459
245 506
245 593
245 442
245 523
245 237
245 387
246 412
246 539
246 432
246 364
246 21
246 574
246 330
246 175
246 588
246 510
246 501
246 177
246 280
246 588
246 487
247 205
247 489
247 294
247 222
247 438
247 566
247 400
247 557
247 377
247 465
247 366
247 340
247 469
247 476
247 120
248 247
248 592
248 349
248 249
248 465
248 499
248 180
248 50
248 137
248 23
248 228
248 336
248 567
248 139
248 112
249 227
249 534
249 85
249 477
249 507
249 128
249 337
249 484
249 307
249 351
249 329
249 336
249 157
249 345
249 205
250 43
250 141
250 477
250 4
250 70
250 62
250 568
250 81
250 437
250 122
250 448
250 534
250 571
250 209
250 580
251 287
251 127
251 404
251 103
251 165
251 365
251 126
251 60
251 416
251 378
251 596
251 202
251 291
251 150
251 86
252 15
252 228
252 27
252 80
252 58
252 445
252 290
252 269
252 398
252 107
252 112
252 423
252 421
252 559
252 37
253 265
253 377
253 379
253 279
253 15
253 384
253 485
253 45
253 398
253 108
253 119
253 222
253 423
253 505
253 287
254 517
254 198
254 210
254 300
254 390
254 257
254 54
254 293
254 194
254 498
254 132
254 343
254 402
254 548
254 370
255 278
255 558
255 477
255 522
255 48
255 259
255 547
255 193
255 433
255 566
255 67
255 502
255 501
255 330
255 124
256 589
256 338
256 93
256 396
256 271
256 388
256 496
256 284
256 189
256 153
256 432
256 154
256 239
256 321
256 123
257 582
257 318
257 220
257 260
257 35
257 205
257 586
257 389
257 245
257 5
257 173
257 216
257 580
257 474
257 99
258 314
258 445
258 143
258 407
258 583
258 456
258 44
258 593
258 369
258 334
258 396
258 125
258 385
258 239
258 507
259 187
259 395
259 304
259 310
259 269
259 397
259 433
259 40
259 268
259 185
259 594
259 222
259 190
259 372
259 579
260 241
260 318
260 181
260 481
260 569
260 228
260 375
260 123
260 262
260 458
260 531
260 229
260 503
260 388
260 33
261 307
261 97
261 202
261 59
261 295
261 110
261 487
261 44
261 293
261 298
261 89
261 131
261 179
261 384
261 381
262 137
262 178
262 497
262 163
262 286
262 313
262 500
262 117
262 460
262 453
262 194
262 23
262 199
262 195
262 301
263 29
263 339
263 480
263 464
263 489
263 420
263 592
263 362
263 143
263 448
263 434
263 139
263 218
263 376
263 436
264 399
264 146
264 540
264 271
264 568
264 161
264 368
264 272
264 163
264 32
264 21
264 171
264 94
264 516
264 237
265 396
265 232
265 369
265 246
265 500
265 187
265 187
265 445
265 277
265 527
265 31
265 292
265 374
265 598
265 111
266 88
266 281
266 515
266 413
266 171
266 125
266 586
266 143
266 246
266 458
266 205
266 406
266 534
266 369
266 412
267 468
267 238
267 539
267 511
267 398
267 214
267 294
267 446
267 522
267 464
267 563
267 514
267 383
267 41
267 521
268 537
268 236
268 235
268 451
268 73
268 462
268 596
268 590
268 484
268 494
268 571
268 493
268 187
268 267
268 219
269 53
269 56
269 443
269 561
269 423
269 383
269 366
269 546
269 470
269 265
269 419
269 109
269 356
269 421
269 283
270 584
270 410
270 581
270 596
270 99
270 408
270 140
270 535
270 67
270 255
270 448
270 172
270 157
270 285
270 483
271 299
271 445
271 489
271 507
271 382
271 383
271 447
271 447
271 358
271 114
271 345
271 239
271 540
271 383
271 240
272 172
272 337
272 597
272 305
272 9
272 180
272 30
272 144
272 424
272 560
272 342
272 447
272 11
272 515
272 465
273 448
273 156
273 227
273 13
273 137
273 540
273 282
273 312
273 242
273 86
273 7
273 428
273 515
273 483
273 209
274 454
274 562
274 167
274 494
274 216
274 89
274 445
274 182
274 113
274 535
274 15
274 551
274 136
274 155
274 318
275 252
275 530
275 227
275 316
275 149
275 496
275 459
275 597
275 496
275 280
275 135
275 206
275 234
275 374
275 346
276 272
276 405
276 394
276 280
276 455
276 99
276 540
276 24
276 173
276 403
276 350
276 245
276 479
276 68
276 580
277 449
277 142
277 175
277 365
277 209
277 221
277 116
277 105
277 91
277 382
277 150
277 110
277 482
277 170
277 558
278 100
278 161
278 86
278 535
278 5
278 545
278 306
278 395
278 465
278 144
278 531
278 561
278 240
278 286
278 26
279 592
279 378
279 334
279 249
279 217
279 162
279 497
279 291
279 150
279 123
279 84
279 156
279 449
279 392
279 295
280 266
280 519
280 284
280 531
280 326
280 470
280 411
280 128
280 399
280 134
280 271
280 170
280 449
280 558
280 355
281 196
281 586
281 520
281 159
281 147
281 31
281 60
281 487
281 205
281 288
281 119
281 28
281 206
281 322
281 2
282 312
282 239
282 376
282 34
282 263
282 87
282 84
282 327
282 250
282 158
282 578
282 69
282 28
282 68
282 574
283 109
283 55
283 501
283 527
283 152
283 379
283 138
283 345
283 52
283 466
283 533
283 474
283 335
283 139
283 143
284 578
284 113
284 238
284 307
284 553
284 0
284 200
284 195
284 218
284 446
284 541
284 350
284 131
284 18
284 412
285 420
285 202
285 5
285 574
285 352
285 309
285 159
285 454
285 41
285 580
285 327
285 457
285 266
285 411
285 371
286 183
286 265
286 128
286 359
286 390
286 271
286 400
286 59
286 261
286 137
286 517
286 119
286 97
286 493
286 439
287 151
287 517
287 448
287 311
287 555
287 388
287 128
287 469
287 374
287 335
287 414
287 250
287 434
287 394
287 325
288 214
288 526
288 543
288 514
288 153
288 338
288 49
288 478
288 32
288 206
288 556
288 504
288 254
288 146
288 154
289 548
289 345
289 306
289 109
289 521
289 306
289 105
289 559
289 385
289 18
289 104
289 40
289 19
289 388
289 380
290 226
290 554
290 148
290 41
290 309
290 550
290 4
290 459
290 430
290 236
290 297
290 284
290 50
290 126
290 488
291 28
291 381
291 447
291 545
291 549
291 68
291 6
291 149
291 195
291 97
291 152
291 491
291 9
291 75
291 231
292 497
292 468
292 394
292 206
292 300
292 455
292 167
292 598
292 416
292 358
292 128
292 354
292 97
292 233
292 190
293 53
293 214
293 87
293 446
293 413
293 350
293 126
293 177
293 18
293 310
293 215
293 566
293 374
293 58
293 306
294 234
294 28
294 107
294 123
294 302
294 426
294 449
294 410
294 452
294 319
294 121
294 275
294 560
294 582
294 515
295 565
295 561
295 126
295 40
295 590
295 113
295 457
295 281
295 19
295 393
295 565
295 235
295 564
295 185
295 347
296 447
296 257
296 353
296 437
296 54
296 403
296 0
296 467
296 488
296 161
296 565
296 26
296 407
296 293
296 461
297 390
297 180
297 359
297 68
297 357
297 57
297 118
297 359
297 320
297 252
297 246
297 471
297 484
297 288
297 372
298 181
298 306
298 599
298 25
298 351
298 334
298 543
298 376
298 495
298 72
298 361
298 320
298 323
298 205
298 578
299 37
299 236
299 543
299 190
299 5
299 450
299 12
299 568
299 426
299 176
299 148
299 466
299 418
299 385
299 153
300 279
300 417
300 385
300 332
300 568
300 242
300 469
300 321
300 374
300 590
300 375
300 477
300 421
300 302
300 575
301 471
301 223
301 286
301 440
301 207
301 426
301 181
301 185
301 92
301 429
301 253
301 96
301 228
301 508
301 175
302 123
302 450
302 294
302 289
302 410
302 444
302 575
302 152
302 115
302 64
302 39
302 465
302 139
302 404
302 129
303 392
303 89
303 142
303 405
303 466
303 417
303 407
303 275
303 318
303 276
303 151
303 319
303 495
303 453
303 267
304 124
304 378
304 77
304 55
304 476
304 83
304 129
304 251
304 85
304 507
304 195
304 526
304 513
304 442
304 79
305 259
305 347
305 380
305 398
305 360
305 198
305 280
305 188
305 382
305 168
305 350
305 560
305 287
305 414
305 260
306 282
306 236
306 384
306 10
306 264
306 413
306 437
306 45
306 124
306 70
306 533
306 550
306 479
306 576
306 457
307 520
307 440
307 493
307 53
307 341
307 325
307 590
307 415
307 313
307 152
307 8
307 84
307 404
307 496
307 64
308 241
308 198
308 70
308 123
308 99
308 318
308 16
308 585
308 319
308 330
308 72
308 329
308 11
308 369
308 402
309 528
309 49
309 156
309 503
309 529
309 126
309 306
309 478
309 343
309 37
309 524
309 232
309 226
309 517
309 525
310 539
310 136
310 276
310 153
310 338
310 147
310 196
310 348
310 131
310 437
310 543
310 515
310 229
310 455
310 547
311 152
311 551
311 247
311 14
311 122
311 497
311 439
311 597
311 199
311 225
311 349
311 250
311 262
311 356
311 424
312 166
312 587
312 566
312 367
312 322
312 231
312 346
312 554
312 49
312 315
312 450
312 416
312 595
312 244
312 329
313 552
313 289
313 546
313 397
313 490
313 278
313 100
313 283
313 456
313 145
313 21
313 154
313 383
313 242
313 189
314 577
314 299
314 37
314 376
314 67
314 373
314 431
314 526
314 136
314 197
314 474
314 194
314 41
314 116
314 297
315 557
315 288
315 552
315 583
315 259
315 79
315 256
315 402
315 214
315 522
315 10
315 131
315 594
315 520
315 387
316 390
316 79
316 17
316 532
316 262
316 573
316 188
316 258
316 165
316 512
316 354
316 598
316 433
316 417
316 318
317 539
317 18
317 281
317 530
317 66
317 443
317 357
317 56
317 486
317 55
317 510
317 154
317 424
317 542
317 346
318 253
318 552
318 24
318 466
318 288
318 158
318 130
318 339
318 234
318 5
318 299
318 517
318 325
318 314
318 90
319 323
319 214
319 49
319 585
319 415
319 6
319 80
319 562
319 21
319 474
319 98
319 361
319 271
319 370
319 112
320 111
320 276
320 390
320 139
320 300
320 188
320 378
320 325
320 131
320 268
320 310
320 334
320 422
320 500
320 50
321 284
321 111
321 314
321 590
321 330
321 310
321 440
321 567
321 531
321 467
321 127
321 451
321 364
321 299
321 460
322 462
322 479
322 83
322 505
322 338
322 464
322 423
322 577
322 401
322 291
322 328
322 254
322 230
322 556
322 146
323 77
323 420
323 159
323 38
323 580
323 336
323 539
323 30
323 375
323 576
323 597
323 45
323 509
323 458
323 303
324 362
324 356
324 60
324 166
324 438
324 379
324 38
324 305
324 566
324 581
324 391
324 90
324 21
324 166
324 87
325 340
325 146
325 78
325 144
325 378
325 77
325 447
325 133
325 191
325 336
325 598
325 195
325 523
325 163
325 528
326 81
326 533
326 217
326 70
326 35
326 321
326 435
326 598
326 348
326 1
326 128
326 559
326 531
326 380
326 512
327 359
327 274
327 135
327 86
327 492
327 257
327 121
327 128
327 576
327 89
327 155
327 475
327 522
327 471
327 582
328 458
328 399
328 426
328 104
328 505
328 73
328 350
328 369
328 32
328 121
328 104
328 455
328 158
328 417
328 387
329 75
329 315
329 229
329 339
329 117
329 580
329 163
329 70
329 455
329 360
329 239
329 23
329 144
329 489
329 138
330 8
330 158
330 193
330 545
330 65
330 182
330 185
330 296
330 410
330 184
330 308
330 219
330 258
330 167
330 51
331 489
331 544
331 178
331 222
331 364
331 332
331 86
331 491
331 271
331 355
331 357
331 516
331 338
331 251
331 338
332 156
332 160
332 564
332 173
332 565
332 54
332 559
332 178
332 371
332 316
332 475
332 335
332 369
332 494
332 505
333 441
333 317
333 560
333 345
333 127
333 271
333 26
333 179
333 59
333 88
333 96
333 314
333 140
333 214
333 414
334 148
334 579
334 365
334 536
334 270
334 263
334 537
334 296
334 290
334 266
334 540
334 572
334 452
334 295
334 284
335 469
335 206
335 363
335 453
335 534
335 179
335 289
335 331
335 519
335 341
335 344
335 255
335 247
335 369
335 451
336 310
336 328
336 58
336 197
336 153
336 384
336 217
336 225
336 139
336 452
336 500
336 265
336 270
336 148
336 550
337 526
337 446
337 477
337 109
337 299
337 161
337 465
337 7
337 33
337 135
337 67
337 494
337 404
337 36
337 476
338 299
338 151
338 240
338 158
338 242
338 592
338 230
338 180
338 213
338 169
338 509
338 177
338 384
338 591
338 198
339 398
339 90
339 467
339 589
339 425
339 574
339 595
339 39
339 226
339 75
339 34
339 277
339 163
339 273
339 56
340 390
340 198
340 110
340 429
340 385
340 306
340 338
340 54
340 533
340 227
340 255
340 480
340 1
340 290
340 327
341 481
341 265
341 435
341 411
341 375
341 197
341 331
341 424
341 252
341 199
341 72
341 409
341 484
341 104
341 167
342 42
342 331
342 261
342 191
342 305
342 471
342 475
342 446
342 403
342 519
342 462
342 352
342 14
342 578
342 272
343 18
343 318
343 567
343 411
343 324
343 577
343 412
343 76
343 33
343 178
343 466
343 10
343 356
343 334
343 56
344 301
344 144
344 538
344 235
344 305
344 474
344 483
344 462
344 359
344 21
344 433
344 415
344 60
344 469
344 484
345 491
345 523
345 497
345 89
345 186
345 390
345 71
345 417
345 288
345 448
345 6
345 486
345 298
345 588
345 289
346 204
346 517
346 401
346 578
346 275
346 198
346 284
346 335
346 283
346 419
346 328
346 111
346 527
346 384
346 351
347 368
347 127
347 230
347 491
347 27
347 223
347 517
347 503
347 189
347 112
347 488
347 272
347 106
347 408
347 218
348 42
348 329
348 548
348 430
348 446
348 585
348 406
348 574
348 588
348 344
348 376
348 538
348 258
348 511
348 272
349 305
349 550
349 131
349 133
349 135
349 536
349 26
349 552
349 94
349 399
349 373
349 594
349 387
349 355
349 410
350 149
350 327
350 550
350 100
350 537
350 586
350 521
350 10
350 45
350 93
350 404
350 421
350 503
350 424
350 421
351 508
351 298
351 69
351 547
351 71
351 256
351 312
351 68
351 296
351 572
351 3
351 465
351 571
351 160
351 268
352 468
352 315
352 214
352 52
352 179
352 395
352 542
352 557
352 277
352 137
352 336
352 597
352 540
352 421
352 242
353 30
353 551
353 17
353 152
353 487
353 491
353 390
353 470
353 231
353 426
353 181
353 461
353 29
353 420
353 482
354 69
354 344
354 356
354 68
354 229
354 522
354 55
354 239
354 508
354 479
354 158
354 480
354 390
354 234
354 21
355 69
355 348
355 109
355 353
355 556
355 3
355 260
355 569
355 62
355 535
355 533
355 470
355 549
355 379
355 4
356 366
356 330
356 211
356 172
356 106
356 186
356 339
356 461
356 19
356 467
356 151
356 445
356 142
356 495
356 145
357 299
357 137
357 335
357 59
357 276
357 589
357 584
357 460
357 211
357 447
357 576
357 306
357 510
357 123
357 597
358 320
358 558
358 93
358 336
358 533
358 260
358 230
358 485
358 281
358 120
358 312
358 25
358 590
358 283
358 182
359 171
359 27
359 326
359 198
359 327
359 77
359 581
359 99
359 171
359 143
359 123
359 393
359 219
359 421
359 190
360 154
360 328
360 311
360 23
360 534
360 575
360 107
360 402
360 137
360 175
360 198
360 191
360 107
360 143
360 81
361 104
361 192
361 166
361 401
361 519
361 28
361 359
361 159
361 450
361 379
361 46
361 401
361 316
361 489
361 1
362 473
362 137
362 32
362 122
362 333
362 41
362 462
362 561
362 523
362 550
362 210
362 499
362 392
362 449
362 322
363 27
363 287
363 563
363 463
363 372
363 51
363 72
363 166
363 372
363 468
363 598
363 434
363 303
363 531
363 48
364 456
364 413
364 204
364 46
364 12
364 328
364 177
364 34
364 256
364 298
364 303
364 43
364 187
364 251
364 428
365 45
365 548
365 235
365 75
365 1
365 512
365 372
365 407
365 278
365 597
365 299
365 537
365 335
365 552
365 318
366 516
366 229
366 544
366 527
366 328
366 147
366 264
366 121
366 331
366 146
366 389
366 151
366 515
366 241
366 585
367 103
367 75
367 457
367 59
367 346
367 534
367 509
367 325
367 176
367 399
367 529
367 473
367 325
367 590
367 261
368 426
368 471
368 275
368 94
368 554
368 456
368 241
368 464
368 21
368 507
368 508
368 272
368 62
368 418
368 78
369 328
369 178
369 204
369 217
369 22
369 560
369 279
369 548
369 48
369 428
369 426
369 444
369 586
369 491
369 132
370 268
370 84
370 391
370 407
370 110
370 525
370 90
370 124
370 316
370 402
370 242
370 593
370 106
370 148
370 249
371 97
371 227
371 503
371 553
371 333
371 588
371 587
371 382
371 458
371 236
371 320
371 22
371 277
371 558
371 123
372 185
372 442
372 490
372 526
372 364
372 287
372 495
372 243
372 35
372 278
372 339
372 562
372 506
372 146
372 396
373 505
373 546
373 24
373 275
373 230
373 255
373 102
373 262
373 482
373 215
373 39
373 418
373 20
373 50
373 253
374 212
374 457
374 112
374 48
374 291
374 484
374 238
374 180
374 86
374 290
374 281
374 592
374 579
374 25
374 243
375 407
375 194
375 515
375 479
375 532
375 75
375 401
375 568
375 3
375 176
375 172
375 537
375 474
375 529
375 369
376 382
376 504
376 584
376 592
376 576
376 171
376 68
376 551
376 562
376 120
376 575
376 290
376 492
376 412
376 27
377 146
377 335
377 305
377 537
377 497
377 431
377 310
377 583
377 335
377 139
377 131
377 285
377 387
377 228
377 278
378 297
378 154
378 225
378 367
378 301
378 287
378 146
378 249
378 577
378 370
378 358
378 394
378 307
378 2
378 503
379 157
379 462
379 149
379 253
379 464
379 40
379 222
379 250
379 202
379 563
379 258
379 263
379 598
379 247
379 301
380 301
380 410
380 310
380 546
380 557
380 16
380 11
380 35
380 29
380 566
380 495
380 55
380 551
380 56
380 84
381 125
381 217
381 328
381 269
381 80
381 125
381 332
381 578
381 232
381 490
381 499
381 439
381 44
381 261
381 518
382 212
382 325
382 212
382 80
382 464
382 222
382 466
382 152
382 593
382 344
382 509
382 402
382 443
382 442
382 314
383 171
383 231
383 226
383 319
383 111
383 3
383 146
383 346
383 461
383 494
383 31
383 138
383 561
383 148
383 546
384 168
384 300
384 193
384 42
384 540
384 290
384 273
384 9
384 20
384 55
384 591
384 541
384 125
384 460
384 160
385 24
385 185
385 312
385 37
385 516
385 208
385 560
385 164
385 261
385 356
385 13
385 448
385 551
385 411
385 102
386 172
386 316
386 49
386 380
386 156
386 442
386 61
386 42
386 408
386 300
386 154
386 97
386 266
386 570
386 248
387 513
387 23
387 445
387 448
387 565
387 0
387 284
387 492
387 298
387 404
387 559
387 367
387 597
387 438
387 150
388 363
388 538
388 64
388 236
388 507
388 423
388 568
388 179
388 63
388 587
388 575
388 455
388 466
388 38
388 49
389 299
389 200
389 73
389 492
389 81
389 75
389 338
389 522
389 377
389 497
389 423
389 202
389 397
389 233
389 350
390 98
390 255
390 297
390 206
390 551
390 44
390 43
390 531
390 558
390 208
390 412
390 346
390 325
390 346
390 95
391 430
391 340
391 280
391 297
391 335
391 438
391 521
391 166
391 329
391 546
391 563
391 206
391 286
391 143
391 214
392 372
392 537
392 317
392 479
392 361
392 550
392 30
392 256
392 99
392 158
392 529
392 155
392 418
392 20
392 178
393 538
393 372
393 596
393 572
393 398
393 63
393 15
393 554
393 325
393 348
393 91
393 74
393 4
393 27
393 133
394 412
394 580
394 580
394 261
394 7
394 521
394 235
394 76
394 1
394 208
394 464
394 283
394 26
394 84
395 102
395 48
395 150
395 509
395 456
395 311
395 425
395 2
395 488
395 29
395 513
395 435
395 425
395 417
395 576
396 557
396 324
396 258
396 69
396 64
396 223
396 592
396 236
396 571
396 41
396 348
396 475
396 35
396 273
396 459
397 178
397 559
397 361
397 560
397 404
397 463
397 455
397 8
397 446
397 47
397 328
397 81
397 256
397 97
397 247
398 527
398 345
398 561
398 519
398 405
398 543
398 488
398 582
398 228
398 445
398 580
398 485
398 281
398 534
398 586
399 159
399 212
399 312
399 264
399 35
399 422
399 297
399 294
399 525
399 471
399 476
399 385
399 5
399 205
399 305
400 271
400 277
400 383
400 31
400 204
400 311
400 509
400 559
400 450
400 37
400 164
400 188
400 45
400 443
400 277
401 237
401 178
401 267
401 546
401 542
401 369
401 596
401 433
401 516
401 339
401 539
401 140
401 114
401 75
401 41
402 219
402 183
402 461
402 385
402 280
402 336
402 325
402 565
402 318
402 192
402 328
402 320
402 131
402 288
402 580
403 68
403 291
403 145
403 266
403 299
403 497
403 91
403 291
403 227
403 151
403 504
403 560
403 538
403 53
403 488
404 390
404 378
404 145
404 253
404 43
404 550
404 392
404 582
404 207
404 152
404 346
404 538
404 524
404 242
404 545
405 388
405 581
405 532
405 508
405 514
405 20
405 128
405 191
405 115
405 582
405 430
405 266
405 590
405 228
405 490
406 181
406 568
406 206
406 189
406 175
406 244
406 478
406 354
406 80
406 522
406 421
406 557
406 383
406 364
406 238
407 380
407 426
407 552
407 341
407 223
407 398
407 529
407 425
407 277
407 352
407 438
407 126
407 310
407 445
407 567
408 584
408 40
408 385
408 326
408 518
408 178
408 92
408 302
408 249
408 333
408 153
408 404
408 173
408 125
408 241
409 216
409 308
409 557
409 10
409 104
409 37
409 274
409 157
409 151
409 558
409 408
409 324
409 74
409 381
409 448
410 461
410 488
410 310
410 404
410 209
410 545
410 446
410 15
410 77
410 500
410 195
410 82
410 110
410 147
410 293
411 153
411 486
411 119
411 249
411 173
411 503
411 463
411 512
411 588
411 185
411 580
411 200
411 322
411 301
411 105
412 211
412 105
412 221
412 487
412 121
412 78
412 536
412 359
412 280
412 111
412 282
412 45
412 565
412 251
412 326
413 222
413 257
413 590
413 224
413 39
413 591
413 189
413 184
413 347
413 192
413 272
413 151
413 302
413 153
414 219
414 128
414 85
414 318
414 231
414 366
414 160
414 69
414 324
414 154
414 141
414 93
414 157
414 565
414 376
415 379
415 226
415 429
415 120
415 94
415 553
415 84
415 328
415 539
415 412
415 411
415 68
415 289
415 76
415 171
416 292
416 267
416 536
416 279
416 357
416 60
416 21
416 426
416 425
416 227
416 530
416 153
416 359
416 536
417 268
417 491
417 445
417 60
417 464
417 23
417 53
417 516
417 367
417 423
417 467
417 463
417 424
417 209
417 541
418 218
418 50
418 28
418 460
418 396
418 419
418 247
418 558
418 1
418 140
418 27
418 211
418 303
418 385
418 175
419 43
419 343
419 165
419 296
419 540
419 520
419 497
419 395
419 534
419 50
419 23
419 353
419 489
419 11
419 366
420 39
420 582
420 143
420 421
420 408
420 221
420 505
420 573
420 365
420 283
420 409
420 534
420 392
420 447
420 407
421 444
421 227
421 99
421 418
421 238
421 242
421 524
421 542
421 394
421 481
421 535
421 183
421 336
421 494
421 478
422 509
422 30
422 91
422 289
422 86
422 123
422 153
422 202
422 242
422 338
422 368
422 544
422 53
422 305
422 535
423 413
423 147
423 90
423 397
423 455
423 370
423 43
423 395
423 403
423 400
423 376
423 498
423 40
423 434
423 196
424 409
424 155
424 14
424 336
424 411
424 129
424 0
424 499
424 561
424 93
424 442
424 34
424 419
424 279
424 62
425 296
425 494
425 78
425 555
425 301
425 317
425 9
425 591
425 179
425 438
425 375
425 455
425 193
425 522
425 363
426 68
426 421
426 169
426 97
426 398
426 222
426 367
426 346
426 455
426 312
426 520
426 60
426 477
426 26
427 213
427 101
427 56
427 467
427 87
427 79
427 257
427 426
427 570
427 333
427 355
427 459
427 589
427 584
427 193
428 251
428 319
428 514
428 444
428 90
428 49
428 308
428 190
428 514
428 288
428 364
428 137
428 122
428 345
428 362
429 354
429 236
429 353
429 187
429 173
429 567
429 450
429 34
429 272
429 504
429 62
429 424
429 194
429 486
429 121
430 7
430 482
430 132
430 235
430 379
430 268
430 584
430 511
430 214
430 541
430 37
430 413
430 491
430 537
430 432
431 514
431 0
431 398
431 201
431 347
431 598
431 454
431 79
431 227
431 58
431 1
431 91
431 59
431 32
431 304
432 487
432 173
432 351
432 96
432 452
432 259
432 513
432 16
432 97
432 255
432 168
432 93
432 53
432 39
432 246
433 56
433 333
433 520
433 536
433 425
433 19
433 10
433 195
433 440
433 335
433 509
433 490
433 499
433 431
433 403
434 470
434 455
434 55
434 109
434 73
434 210
434 49
434 173
434 170
434 271
434 402
434 453
434 255
434 281
434 201
435 94
435 401
435 146
435 265
435 457
435 76
435 587
435 336
435 254
435 274
435 346
435 489
435 10
435 448
435 402
436 397
436 4
436 252
436 239
436 359
436 441
436 122
436 578
436 524
436 538
436 302
436 309
436 222
436 188
436 507
437 4
437 550
437 168
437 70
437 210
437 509
437 293
437 443
437 272
437 539
437 510
437 18
437 507
437 416
437 328
438 526
438 117
438 190
438 192
438 48
438 228
438 383
438 550
438 521
438 382
438 144
438 464
438 569
438 13
438 570
439 149
439 190
439 475
439 182
439 518
439 591
439 112
439 154
439 125
439 565
439 121
439 364
439 430
439 512
439 290
440 135
440 48
440 535
440 95
440 27
440 68
440 75
440 501
440 50
440 124
440 516
440 364
440 350
440 253
440 296
441 241
441 446
441 418
441 517
441 445
441 72
441 564
441 329
441 580
441 278
441 48
441 190
441 261
441 460
441 372
442 491
442 581
442 568
442 130
442 477
442 201
442 208
442 316
442 464
442 240
442 73
442 176
442 326
442 118
442 42
443 580
443 408
443 228
443 289
443 330
443 18
443 471
443 94
443 444
443 408
443 270
443 319
443 94
443 583
443 213
444 196
444 120
444 552
444 71
444 417
444 101
444 307
444 59
444 380
444 462
444 361
444 416
444 111
444 319
444 487
445 397
445 211
445 178
445 91
445 15
445 513
445 504
445 493
445 98
445 130
445 468
445 525
445 7
445 7
445 565
446 54
446 261
446 464
446 376
446 516
446 401
446 157
446 103
446 417
446 469
446 86
446 476
446 324
446 142
446 549
447 583
447 548
447 131
447 371
447 106
447 13
447 225
447 454
447 317
447 598
447 46
447 76
447 312
447 83
447 245
448 173
448 248
448 267
448 575
448 555
448 411
448 66
448 160
448 499
448 374
448 446
448 597
448 539
448 158
448 189
449 208
449 230
449 501
449 111
449 256
449 300
449 120
449 63
449 210
449 312
449 515
449 305
449 578
449 37
449 254
450 462
450 17
450 10
450 434
450 123
450 261
450 298
450 462
450 540
450 572
450 547
450 326
450 333
450 136
450 417
451 195
451 79
451 382
451 124
451 447
451 72
451 425
451 582
451 72
451 571
451 86
451 443
451 576
451 128
451 529
452 336
452 339
452 416
452 182
452 45
452 517
452 403
452 318
452 590
452 445
452 294
452 34
452 506
452 578
452 311
453 218
453 299
453 389
453 449
453 107
453 264
453 145
453 326
453 478
453 446
453 48
453 319
453 258
453 146
453 54
454 376
454 373
454 50
454 466
454 167
454 530
454 233
454 595
454 521
454 598
454 102
454 268
454 337
454 456
454 179
455 239
455 56
455 375
455 517
455 595
455 179
455 504
455 285
455 501
455 528
455 218
455 500
455 461
455 444
456 496
456 40
456 100
456 513
456 271
456 307
456 536
456 58
456 86
456 392
456 105
456 61
456 154
456 282
456 1
457 204
457 458
457 201
457 247
457 466
457 209
457 351
457 46
457 331
457 253
457 298
457 341
457 272
457 522
457 353
458 80
458 19
458 144
458 244
458 48
458 434
458 305
458 416
458 579
458 467
458 553
458 485
458 136
458 530
458 64
459 339
459 558
459 256
459 83
459 81
459 53
459 171
459 436
459 60
459 526
459 51
459 78
459 515
459 35
459 414
460 67
460 429
460 447
460 542
460 315
460 152
460 271
460 72
460 13
460 236
460 506
460 308
460 570
460 387
460 539
461 88
461 483
461 534
461 298
461 415
461 374
461 158
461 392
461 102
461 440
461 177
461 307
461 354
461 38
461 114
462 411
462 348
462 389
462 581
462 166
462 376
462 217
462 294
462 194
462 265
462 107
462 596
462 478
462 32
462 474
463 241
463 320
463 195
463 443
463 542
463 127
463 273
463 3
463 414
463 530
463 475
463 484
463 273
463 385
464 154
464 4
464 51
464 242
464 590
464 30
464 562
464 0
464 251
464 501
464 6
464 479
464 113
464 374
464 544
465 504
465 534
465 136
465 113
465 189
465 176
465 293
465 287
465 282
465 184
465 0
465 103
465 84
465 32
465 460
466 437
466 506
466 321
466 524
466 456
466 373
466 555
466 373
466 10
466 35
466 536
466 193
466 503
466 486
466 363
467 85
467 383
467 19
467 38
467 11
467 562
467 593
467 6
467 192
467 191
467 183
467 7
467 457
467 448
467 294
468 424
468 145
468 115
468 224
468 390
468 536
468 461
468 154
468 436
468 292
468 585
468 214
468 576
468 77
468 70
469 291
469 188
469 103
469 568
469 74
469 70
469 551
469 454
469 437
469 62
469 232
469 140
469 593
469 231
469 566
470 70
470 146
470 292
470 477
470 114
470 373
470 27
470 43
470 94
470 414
470 248
470 394
470 16
470 429
470 112
471 239
471 191
471 88
471 297
471 496
471 82
471 408
471 508
471 568
471 561
471 49
471 501
471 494
471 147
471 548
472 288
472 331
472 238
472 558
472 539
472 372
472 557
472 76
472 71
472 191
472 211
472 568
472 285
472 462
472 597
473 95
473 108
473 144
473 350
473 253
473 445
473 563
473 538
473 91
473 399
473 42
473 493
473 517
473 406
473 240
474 312
474 515
474 224
474 541
474 329
474 322
474 399
474 503
474 484
474 591
474 214
474 187
474 36
474 79
474 338
475 408
475 60
475 328
475 421
475 193
475 569
475 576
475 589
475 297
475 86
475 198
475 80
475 517
475 135
475 9
476 331
476 501
476 494
476 60
476 201
476 86
476 528
476 180
476 507
476 347
476 484
476 212
476 402
476 305
476 485
477 455
477 140
477 327
477 34
477 242
477 53
477 480
477 480
477 448
477 494
477 249
477 460
477 239
477 584
477 408
478 127
478 63
478 549
478 114
478 520
478 279
478 463
478 141
478 457
478 99
478 153
478 317
478 491
478 506
478 198
479 174
479 274
479 231
479 480
479 531
479 186
479 180
479 536
479 50
479 170
479 73
479 153
479 114
479 487
479 183
480 424
480 549
480 194
480 114
480 7
480 197
480 20
480 124
480 29
480 164
480 314
480 2
480 107
480 206
480 210
481 392
481 579
481 466
481 187
481 437
481 470
481 425
481 289
481 239
481 69
481 173
481 462
481 23
481 65
481 389
482 556
482 415
482 352
482 238
482 27
482 103
482 24
482 14
482 196
482 8
482 488
482 412
482 450
482 409
482 286
483 280
483 341
483 111
483 318
483 85
483 178
483 187
483 58
483 126
483 195
483 537
483 59
483 438
483 547
483 232
484 339
484 575
484 64
484 107
484 130
484 557
484 497
484 291
484 387
484 5
484 580
484 490
484 372
484 573
484 589
485 106
485 131
485 188
485 249
485 259
485 237
485 501
485 553
485 287
485 189
485 532
485 295
485 400
485 239
485 313
486 199
486 440
486 60
486 199
486 126
486 180
486 525
486 549
486 556
486 163
486 4
486 162
486 35
486 110
486 418
487 120
487 156
487 478
487 404
487 243
487 360
487 573
487 76
487 568
487 150
487 275
487 239
487 532
487 147
487 454
488 273
488 562
488 525
488 383
488 464
488 296
488 564
488 423
488 163
488 566
488 389
488 110
488 361
488 542
488 71
489 460
489 113
489 417
489 94
489 563
489 149
489 476
489 396
489 398
489 541
489 34
489 379
489 11
489 545
489 512
490 320
490 180
490 128
490 125
490 591
490 105
490 257
490 479
490 304
490 95
490 559
490 597
490 519
490 223
490 501
491 564
491 76
491 220
491 279
491 118
491 98
491 435
491 513
491 589
491 99
491 282
491 528
491 589
491 406
491 579
492 468
492 578
492 189
492 451
492 108
492 491
492 434
492 376
492 517
492 478
492 151
492 193
492 217
492 257
492 214
493 542
493 173
493 395
493 435
493 500
493 40
493 560
493 418
493 119
493 394
493 228
493 582
493 368
493 560
493 313
494 317
494 332
494 544
494 411
494 105
494 445
494 455
494 265
494 20
494 297
494 587
494 197
494 554
494 350
494 178
495 261
495 213
495 595
495 146
495 51
495 450
495 263
495 159
495 313
495 455
495 536
495 14
495 557
495 298
495 252
496 391
496 9
496 517
496 112
496 402
496 463
496 99
496 384
496 465
496 54
496 113
496 94
496 86
496 165
496 48
497 78
497 517
497 198
497 33
497 102
497 339
497 108
497 387
497 98
497 234
497 232
497 121
497 215
497 268
497 421
498 16
498 291
498 151
498 25
498 74
498 397
498 171
498 343
498 488
498 216
498 39
498 338
498 159
498 374
498 261
499 109
499 438
499 328
499 439
499 78
499 1
499 122
499 6
499 386
499 187
499 533
499 315
499 148
499 102
499 186
500 586
500 592
500 59
500 396
500 357
500 48
500 447
500 249
500 208
500 458
500 39
500 265
500 95
500 576
500 222
501 511
501 314
501 307
501 324
501 199
501 91
501 274
501 490
501 176
501 11
501 436
501 196
501 38
501 4
501 120
502 248
502 381
502 585
502 247
502 487
502 474
502 173
502 210
502 529
502 93
502 130
502 236
502 413
502 320
502 43
503 62
503 572
503 145
503 272
503 253
503 383
503 486
503 35
503 311
503 164
503 73
503 254
503 54
503 358
503 251
504 170
504 483
504 444
504 485
504 365
504 241
504 214
504 369
504 546
504 71
504 79
504 66
504 543
504 325
505 31
505 347
505 239
505 392
505 94
505 264
505 167
505 334
505 439
505 517
505 480
505 509
505 514
505 247
505 200
506 27
506 202
506 250
506 428
506 253
506 483
506 404
506 183
506 521
506 532
506 286
506 277
506 501
506 36
506 312
507 48
507 335
507 249
507 384
507 356
507 575
507 575
507 379
507 102
507 256
507 237
507 428
507 575
507 247
507 382
508 469
508 172
508 463
508 455
508 445
508 129
508 212
508 49
508 81
508 558
508 382
508 434
508 301
508 160
508 340
509 131
509 144
509 441
509 439
509 472
509 287
509 48
509 358
509 581
509 218
509 182
509 594
509 390
509 371
509 325
510 596
510 51
510 244
510 361
510 411
510 582
510 295
510 36
510 569
510 427
510 488
510 202
510 263
510 395
510 115
511 292
511 253
511 270
511 405
511 303
511 184
511 125
511 85
511 551
511 118
511 46
511 315
511 315
511 321
511 316
512 141
512 111
512 583
512 408
512 221
512 143
512 244
512 594
512 472
512 197
512 398
512 567
512 354
512 436
512 11
513 310
513 393
513 274
513 427
513 35
513 285
513 463
513 348
513 418
513 477
513 225
513 317
513 266
513 529
513 40
514 159
514 592
514 425
514 210
514 257
514 531
514 241
514 233
514 76
514 316
514 352
514 493
514 230
514 104
514 141
515 569
515 598
515 414
515 570
515 286
515 268
515 219
515 497
515 522
515 579
515 563
515 539
515 513
515 110
515 147
516 60
516 517
516 6
516 201
516 462
516 30
516 303
516 324
516 269
516 396
516 417
516 403
516 400
516 462
516 142
517 265
517 289
517 301
517 402
517 282
517 253
517 359
517 229
517 462
517 21
517 454
517 142
517 576
517 155
517 58
518 442
518 192
518 580
518 504
518 368
518 11
518 277
518 196
518 366
518 512
518 36
518 588
518 160
518 578
518 156
519 89
519 477
519 4
519 454
519 222
519 227
519 285
519 174
519 130
519 357
519 157
519 355
519 368
519 577
519 293
520 530
520 329
520 228
520 297
520 182
520 568
520 335
520 329
520 541
520 192
520 324
520 361
520 211
520 480
520 475
521 98
521 155
521 97
521 174
521 1
521 231
521 517
521 134
521 325
521 195
521 496
521 322
521 10
521 302
521 490
522 190
522 436
522 179
522 47
522 188
522 151
522 74
522 563
522 56
522 305
522 136
522 113
522 124
522 160
522 135
523 110
523 410
523 134
523 41
523 322
523 321
523 536
523 314
523 419
523 182
523 24
523 554
523 36
523 527
523 69
524 328
524 271
524 344
524 256
524 29
524 389
524 547
524 74
524 335
524 509
524 247
524 1
524 62
524 28
524 148
525 228
525 399
525 386
525 489
525 479
525 65
525 544
525 446
525 42
525 381
525 274
525 14
525 79
525 210
525 285
526 68
526 387
526 403
526 577
526 3
526 576
526 361
526 595
526 522
526 420
526 548
526 522
526 307
526 294
526 463
527 198
527 506
527 324
527 460
527 193
527 236
527 133
527 511
527 79
527 476
527 33
527 246
527 97
527 57
527 247
528 245
528 51
528 590
528 380
528 559
528 375
528 190
528 465
528 78
528 438
528 538
528 150
528 160
528 75
528 237
529 244
529 455
529 187
529 134
529 436
529 284
529 298
529 151
529 450
529 142
529 93
529 480
529 61
529 470
529 480
530 183
530 200
530 426
530 452
530 70
530 75
530 214
530 420
530 294
530 2
530 557
530 346
530 529
530 524
530 219
531 98
531 125
531 62
531 250
531 528
531 224
531 166
531 586
531 593
531 369
531 331
531 82
531 329
531 106
531 72
532 289
532 350
532 492
532 37
532 488
532 78
532 366
532 311
532 411
532 195
532 377
532 258
532 449
532 443
532 367
533 237
533 346
533 568
533 26
533 164
533 212
533 182
533 443
533 36
533 457
533 542
533 548
533 183
533 209
533 195
534 412
534 56
534 400
534 495
534 66
534 373
534 208
534 128
534 329
534 272
534 314
534 299
534 379
534 401
534 197
535 590
535 225
535 220
535 203
535 189
535 381
535 341
535 309
535 527
535 68
535 430
535 360
535 291
535 115
535 409
536 237
536 281
536 438
536 145
536 36
536 544
536 462
536 140
536 26
536 264
536 30
536 323
536 237
536 295
536 198
537 61
537 347
537 132
537 539
537 234
537 433
537 496
537 539
537 9
537 363
537 115
537 203
537 348
537 273
537 426
538 178
538 466
538 418
538 37
538 220
538 566
538 485
538 8
538 495
538 266
538 387
538 484
538 485
538 162
538 19
539 364
539 515
539 3
539 313
539 471
539 526
539 399
539 99
539 37
539 567
539 498
539 34
539 286
539 207
539 303
540 446
540 596
540 248
540 285
540 72
540 293
540 214
540 238
540 42
540 422
540 171
540 429
540 359
540 159
540 349
541 358
541 453
541 72
541 30
541 375
541 509
541 225
541 542
541 265
541 381
541 149
541 97
541 352
541 143
541 479
542 78
542 143
542 137
542 589
542 387
542 381
542 164
542 402
542 442
542 241
542 350
542 558
542 499
542 592
542 187
543 381
543 326
543 46
543 187
543 184
543 391
543 30
543 147
543 323
543 188
543 592
543 499
543 385
543 151
543 349
544 306
544 94
544 5
544 574
544 201
544 563
544 488
544 386
544 258
544 590
544 30
544 43
544 81
544 461
544 267
545 484
545 228
545 49
545 199
545 402
545 238
545 316
545 547
545 582
545 270
545 319
545 354
545 7
545 83
545 428
546 110
546 174
546 431
546 161
546 43
546 407
546 126
546 94
546 405
546 154
546 370
546 6
546 419
546 534
546 324
547 223
547 146
547 47
547 429
547 134
547 499
547 528
547 361
547 418
547 538
547 581
547 474
547 164
547 57
547 299
548 325
548 134
548 105
548 441
548 422
548 599
548 502
548 221
548 328
548 315
548 508
548 111
548 454
548 412
548 231
549 587
549 528
549 295
549 112
549 134
549 84
549 272
549 557
549 78
549 284
549 93
549 55
549 391
549 183
549 81
550 58
550 306
550 519
550 13
550 326
550 367
550 31
550 202
550 114
550 409
550 127
550 8
550 479
550 329
550 230
551 197
551 395
551 18
551 2
551 425
551 43
551 439
551 359
551 365
551 117
551 15
551 542
551 519
551 6
551 245
552 79
552 198
552 292
552 354
552 426
552 475
552 496
552 1
552 153
552 73
552 155
552 223
552 316
552 307
552 428
553 395
553 6
553 385
553 583
553 13
553 299
553 29
553 301
553 470
553 506
553 487
553 292
553 471
553 1
553 360
554 533
554 387
554 46
554 62
554 561
554 415
554 542
554 538
554 412
554 130
554 23
554 122
554 251
554 329
554 318
555 541
555 559
555 513
555 396
555 142
555 225
555 66
555 531
555 87
555 238
555 86
555 280
555 92
555 189
555 66
556 335
556 239
556 548
556 305
556 282
556 166
556 267
556 55
556 183
556 436
556 78
556 340
556 142
556 77
556 437
557 371
557 196
557 422
557 490
557 203
557 376
557 447
557 72
557 155
557 129
557 567
557 460
557 22
557 359
557 191
558 90
558 504
558 88
558 441
558 90
558 118
558 112
558 324
558 13
558 89
558 57
558 410
558 563
558 410
558 168
559 472
559 293
559 506
559 491
559 135
559 515
559 282
559 104
559 261
559 505
559 455
559 361
559 74
559 442
559 37
560 178
560 87
560 51
560 465
560 119
560 242
560 343
560 181
560 323
560 467
560 207
560 295
560 38
560 581
560 475
561 182
561 189
561 186
561 436
561 229
561 155
561 540
561 62
561 284
561 233
561 322
561 322
561 543
561 415
561 82
562 558
562 119
562 34
562 252
562 537
562 225
562 68
562 132
562 153
562 58
562 199
562 428
562 184
562 315
562 530
563 250
563 198
563 201
563 504
563 177
563 546
563 248
563 470
563 312
563 220
563 372
563 270
563 476
563 484
563 99
564 438
564 91
564 342
564 98
564 5
564 273
564 345
564 145
564 577
564 121
564 576
564 556
564 406
564 338
564 505
565 355
565 9
565 271
565 72
565 343
565 93
565 499
565 326
565 54
565 287
565 254
565 439
565 441
565 439
565 124
566 38
566 547
566 470
566 93
566 494
566 599
566 234
566 561
566 580
566 592
566 456
566 203
566 496
566 80
566 213
567 46
567 546
567 410
567 507
567 293
567 494
567 179
567 394
567 388
567 397
567 292
567 401
567 331
567 63
567 185
568 424
568 181
568 97
568 28
568 207
568 537
568 416
568 122
568 279
568 531
568 314
568 328
568 463
568 125
568 178
569 561
569 3
569 365
569 8
569 104
569 123
569 270
569 468
569 307
569 354
569 266
569 127
569 565
569 32
569 204
570 155
570 440
570 156
570 42
570 573
570 386
570 230
570 465
570 205
570 27
570 414
570 441
570 560
570 326
570 258
571 578
571 202
571 414
571 216
571 500
571 304
571 211
571 557
571 188
571 534
571 444
571 554
571 249
571 565
571 561
572 136
572 79
572 275
572 191
572 446
572 165
572 434
572 344
572 86
572 435
572 270
572 556
572 328
572 547
572 391
573 71
573 339
573 370
573 238
573 255
573 416
573 312
573 536
573 574
573 577
573 272
573 546
573 438
573 383
573 461
574 172
574 75
574 139
574 367
574 354
574 330
574 417
574 445
574 246
574 59
574 379
574 514
574 413
574 315
574 170
575 439
575 398
575 129
575 463
575 429
575 1
575 154
575 385
575 63
575 310
575 49
575 343
575 476
575 570
575 169
576 118
576 560
576 60
576 265
576 124
576 334
576 515
576 526
576 3
576 9
576 438
576 531
576 55
576 564
576 97
577 280
577 273
577 422
577 377
577 157
577 555
577 395
577 426
577 297
577 502
577 20
577 337
577 375
577 542
577 146
578 505
578 70
578 558
578 108
578 510
578 446
578 338
578 128
578 386
578 323
578 267
578 341
578 569
578 468
578 304
579 496
579 465
579 24
579 4
579 525
579 567
579 545
579 180
579 272
579 24
579 283
579 8
579 583
579 186
579 318
580 154
580 297
580 5
580 17
580 549
580 598
580 213
580 189
580 288
580 547
580 547
580 31
580 467
580 374
580 93
581 333
581 294
581 273
581 541
581 238
581 83
581 562
581 285
581 389
581 16
581 487
581 451
581 28
581 239
581 137
582 481
582 563
582 545
582 331
582 107
582 164
582 329
582 387
582 54
582 209
582 166
582 463
582 35
582 118
582 255
583 445
583 13
583 434
583 225
583 377
583 422
583 357
583 186
583 523
583 394
583 287
583 563
583 166
583 13
583 462
584 532
584 173
584 432
584 106
584 144
584 597
584 519
584 421
584 169
584 24
584 452
584 351
584 431
584 425
584 81
585 569
585 101
585 548
585 580
585 218
585 442
585 232
585 362
585 325
585 319
585 208
585 510
585 248
585 579
585 0
586 579
586 455
586 74
586 335
586 170
586 220
586 596
586 409
586 512
586 348
586 488
586 207
586 389
586 464
586 356
587 264
587 189
587 496
587 376
587 417
587 234
587 152
587 411
587 277
587 274
587 585
587 243
587 593
587 203
588 140
588 150
588 294
588 416
588 567
588 485
588 261
588 487
588 503
588 158
588 382
588 1
588 351
588 506
588 120
589 404
589 591
589 432
589 114
589 409
589 553
589 407
589 131
589 174
589 272
589 377
589 36
589 124
589 100
589 134
590 275
590 347
590 452
590 306
590 321
590 265
590 57
590 218
590 400
590 347
590 118
590 514
590 89
590 108
590 202
591 232
591 452
591 31
591 101
591 277
591 95
591 220
591 10
591 70
591 109
591 292
591 310
591 361
591 509
591 182
592 219
592 504
592 537
592 355
592 311
592 467
592 164
592 472
592 56
592 174
592 130
592 364
592 107
592 548
592 221
593 183
593 437
593 531
593 428
593 49
593 280
593 25
593 527
593 496
593 301
593 173
593 406
593 368
593 149
593 16
594 85
594 509
594 343
594 450
594 308
594 529
594 468
594 570
594 91
594 73
594 2
594 376
594 343
594 327
594 194
595 406
595 250
595 6
595 108
595 531
595 376
595 373
595 206
595 558
595 333
595 369
595 473
595 160
595 120
595 2
596 45
596 200
596 108
596 509
596 326
596 542
596 431
596 450
596 255
596 164
596 384
596 304
596 511
596 275
596 35
597 250
597 54
597 286
597 118
597 509
597 554
597 367
597 161
597 202
597 38
597 416
597 489
597 247
597 118
598 41
598 433
598 185
598 183
598 371
598 433
598 187
598 395
598 408
598 231
598 552
598 354
598 16
598 521
598 522
599 107
599 517
599 76
599 87
599 169
599 489
599 165
599 577
599 581
599 89
599 7
599 79
599 133
599 61
599 333
